0 0.1736111111111111 0.25084175084175087 0.14646464646464646 0.18855218855218855
0 0.047979797979797977 0.09595959595959595 0.09595959595959595 0.1919191919191919
0 0.7916666666666666 0.03535353535353535 0.12878787878787878 0.0707070707070707
0 0.6603535353535354 0.2904040404040404 0.13383838383838384 0.19023569023569023
0 0.4962121212121212 0.234006734006734 0.12121212121212122 0.14646464646464646
0 0.3768939393939394 0.07575757575757576 0.03409090909090909 0.15151515151515152
0 0.3440656565656566 0.45791245791245794 0.03156565656565657 0.13131313131313133
0 0.14204545454545456 0.6818181818181818 0.14267676767676768 0.15993265993265993
0 0.05555555555555555 0.8501683501683501 0.1111111111111111 0.265993265993266
0 0.23926767676767677 0.6085858585858586 0.10227272727272728 0.12121212121212122
0 0.9797979797979798 0.7971380471380471 0.04040404040404041 0.26430976430976433
0 0.9570707070707071 0.9410774410774411 0.08585858585858586 0.11784511784511785
0 0.8200757575757576 0.7230639730639731 0.09974747474747475 0.12962962962962962
0 0.4311868686868687 0.7062289562289562 0.1388888888888889 0.1717171717171717
0 0.5928030303030303 0.4444444444444444 0.2335858585858586 0.1111111111111111
0 0.37626262626262624 0.5311447811447811 0.03282828282828283 0.13973063973063973