0 0.37109375 0.4440104166666667 0.0966796875 0.13020833333333334
0 0.4296875 0.2727864583333333 0.078125 0.1015625
0 0.14697265625 0.020833333333333332 0.1142578125 0.041666666666666664
0 0.76904296875 0.50390625 0.0634765625 0.09114583333333333
0 0.7568359375 0.3151041666666667 0.1220703125 0.19140625
0 0.77392578125 0.10807291666666667 0.080078125 0.09635416666666667
0 0.43994140625 0.9694010416666666 0.1064453125 0.061197916666666664
0 0.65478515625 0.958984375 0.0302734375 0.08203125
0 0.25390625 0.8170572916666666 0.08203125 0.10807291666666667
0 0.62353515625 0.7109375 0.076171875 0.11588541666666667
0 0.53369140625 0.7291666666666666 0.0908203125 0.12239583333333333
0 0.244140625 0.5904947916666666 0.08984375 0.08203125
0 0.16796875 0.599609375 0.072265625 0.09765625
0 0.787109375 0.97265625 0.0703125 0.0546875
0 0.69482421875 0.8977864583333334 0.0498046875 0.20442708333333334
0 0.95166015625 0.5794270833333334 0.0966796875 0.059895833333333336
0 0.9189453125 0.611328125 0.0908203125 0.11067708333333333
0 0.77734375 0.6041666666666666 0.12890625 0.109375
0 0.705078125 0.7194010416666666 0.0703125 0.10026041666666667