0 0.03270042194092827 0.2970505617977528 0.06540084388185655 0.15870786516853932
0 0.017932489451476793 0.06741573033707865 0.035864978902953586 0.13202247191011235
0 0.06909282700421941 0.1074438202247191 0.10759493670886076 0.14185393258426968
0 0.38554852320675104 0.03581460674157303 0.12341772151898735 0.07162921348314606
0 0.45675105485232065 0.17345505617977527 0.1518987341772152 0.20084269662921347
0 0.9256329113924051 0.3398876404494382 0.14873417721518986 0.22752808988764045
0 0.9018987341772152 0.15870786516853932 0.12341772151898735 0.16151685393258428
0 0.9314345991561181 0.04002808988764045 0.1371308016877637 0.0800561797752809
0 0.13924050632911392 0.5793539325842697 0.14767932489451477 0.0997191011235955
0 0.19831223628691982 0.6116573033707865 0.12025316455696203 0.16432584269662923
0 0.6693037974683544 0.8040730337078652 0.060126582278481014 0.15308988764044945
0 0.7294303797468354 0.5955056179775281 0.060126582278481014 0.13202247191011235
0 0.7584388185654009 0.7507022471910112 0.11814345991561181 0.20365168539325842
0 0.7937763713080169 0.8911516853932584 0.18881856540084388 0.21769662921348315
0 0.9045358649789029 0.9599719101123596 0.1529535864978903 0.0800561797752809
0 0.9588607594936709 0.7289325842696629 0.08227848101265822 0.11797752808988764