0 0.13376168224299065 0.5015576323987538 0.1366822429906542 0.17445482866043613
0 0.4047897196261682 0.5599688473520249 0.11098130841121495 0.05763239875389408
0 0.580607476635514 0.5334890965732088 0.1425233644859813 0.11059190031152648
0 0.8773364485981309 0.411214953271028 0.1425233644859813 0.19781931464174454
0 0.08002336448598131 0.9018691588785047 0.16004672897196262 0.19626168224299065
0 0.08352803738317757 0.7375389408099688 0.16705607476635514 0.29750778816199375
0 0.697429906542056 0.9820872274143302 0.11682242990654206 0.03582554517133956
0 0.7844626168224299 0.8909657320872274 0.11098130841121495 0.15109034267912771
0 0.669392523364486 0.7110591900311527 0.11565420560747663 0.14797507788161993
0 0.9737149532710281 0.8660436137071651 0.052570093457943924 0.14018691588785046
0 0.9672897196261683 0.6557632398753894 0.06542056074766354 0.13395638629283488