0 0.03125 0.2661290322580645 0.0625 0.10752688172043011
0 0.3215725806451613 0.0739247311827957 0.11290322580645161 0.1478494623655914
0 0.6910282258064516 0.08803763440860216 0.08971774193548387 0.11559139784946236
0 0.8079637096774194 0.04502688172043011 0.0715725806451613 0.09005376344086022
0 0.8961693548387096 0.20900537634408603 0.07963709677419355 0.10887096774193548
0 0.8165322580645161 0.2903225806451613 0.15524193548387097 0.05913978494623656
0 0.4007056451612903 0.2103494623655914 0.14717741935483872 0.20161290322580644
0 0.2686491935483871 0.2956989247311828 0.07762096774193548 0.04838709677419355
0 0.12903225806451613 0.646505376344086 0.1350806451612903 0.15994623655913978
0 0.0625 0.8830645161290323 0.125 0.20430107526881722
0 0.047379032258064516 0.9543010752688172 0.09475806451612903 0.0913978494623656
0 0.9506048387096774 0.5678763440860215 0.09879032258064516 0.14650537634408603
0 0.7867943548387096 0.5510752688172043 0.1219758064516129 0.1774193548387097
0 0.6693548387096774 0.41868279569892475 0.24596774193548387 0.1975806451612903
0 0.4269153225806452 0.4200268817204301 0.1219758064516129 0.15591397849462366
0 0.6759072580645161 0.821236559139785 0.11693548387096774 0.15725806451612903