0 0.41141304347826085 0.07246376811594203 0.11630434782608695 0.14492753623188406
0 0.22010869565217392 0.31521739130434784 0.10108695652173913 0.10869565217391304
0 0.9440217391304347 0.07101449275362319 0.11195652173913044 0.14202898550724638
0 0.9489130434782609 0.23478260869565218 0.10217391304347827 0.2
0 0.7673913043478261 0.22318840579710145 0.07934782608695652 0.1
0 0.5483695652173913 0.034057971014492754 0.15760869565217392 0.06811594202898551
0 0.3451086956521739 0.4891304347826087 0.10543478260869565 0.14492753623188406
0 0.2375 0.7326086956521739 0.09347826086956522 0.13043478260869565
0 0.28206521739130436 0.9101449275362319 0.1858695652173913 0.17971014492753623
0 0.03967391304347826 0.6811594202898551 0.07934782608695652 0.1536231884057971
0 0.9505434782608696 0.5659420289855073 0.09347826086956522 0.12753623188405797
0 0.8603260869565217 0.39565217391304347 0.09456521739130434 0.05217391304347826
0 0.8070652173913043 0.4644927536231884 0.08478260869565217 0.10579710144927536
0 0.7489130434782608 0.5036231884057971 0.09021739130434783 0.10434782608695652
0 0.532608695652174 0.8253623188405798 0.12608695652173912 0.20144927536231885
0 0.5048913043478261 0.6268115942028986 0.07065217391304347 0.15217391304347827