0 0.256043956043956 0.04032258064516129 0.13846153846153847 0.08064516129032258
0 0.04450549450549451 0.4208211143695015 0.08901098901098901 0.07624633431085044
0 0.6780219780219781 0.036656891495601175 0.08791208791208792 0.07331378299120235
0 0.9373626373626374 0.30425219941348974 0.11758241758241758 0.16422287390029325
0 0.6846153846153846 0.374633431085044 0.2 0.16862170087976538
0 0.9285714285714286 0.44208211143695014 0.0945054945054945 0.03372434017595308
0 0.022527472527472527 0.6202346041055719 0.045054945054945054 0.1466275659824047
0 0.40494505494505495 0.6598240469208211 0.12527472527472527 0.16129032258064516
0 0.25164835164835164 0.8086510263929618 0.12527472527472527 0.16715542521994134
0 0.28846153846153844 0.9640762463343109 0.15494505494505495 0.0718475073313783
0 0.7714285714285715 0.9310850439882697 0.14285714285714285 0.1378299120234604