0 0.0314498933901919 0.34116809116809116 0.0628997867803838 0.23504273504273504
0 0.9568230277185501 0.30982905982905984 0.08635394456289978 0.2863247863247863
0 0.5149253731343284 0.20156695156695156 0.10554371002132196 0.1452991452991453
0 0.4088486140724947 0.38817663817663817 0.09914712153518124 0.13817663817663817
0 0.015991471215351813 0.5042735042735043 0.031982942430703626 0.09116809116809117
0 0.1044776119402985 0.7549857549857549 0.09701492537313433 0.12535612535612536
0 0.19616204690831557 0.6780626780626781 0.1417910447761194 0.18945868945868946
0 0.7196162046908315 0.495014245014245 0.12153518123667377 0.07264957264957266
0 0.670042643923241 0.5911680911680912 0.11087420042643924 0.14957264957264957
0 0.7857142857142857 0.6011396011396012 0.1886993603411514 0.24786324786324787
0 0.5735607675906184 0.9223646723646723 0.1300639658848614 0.15527065527065528
0 0.423773987206823 0.957977207977208 0.12899786780383796 0.08404558404558404
0 0.9104477611940298 0.6930199430199431 0.1791044776119403 0.2777777777777778