0 0.02101769911504425 0.11651917404129794 0.0420353982300885 0.12684365781710916
0 0.15099557522123894 0.0943952802359882 0.13606194690265486 0.1430678466076696
0 0.21847345132743362 0.28982300884955753 0.10730088495575221 0.12831858407079647
0 0.3805309734513274 0.3281710914454277 0.13053097345132744 0.1607669616519174
0 0.5575221238938053 0.49852507374631266 0.0752212389380531 0.12094395280235988
0 0.6321902654867256 0.43436578171091444 0.0752212389380531 0.10766961651917405
0 0.6720132743362832 0.3635693215339233 0.07190265486725664 0.11504424778761062
0 0.9336283185840708 0.10176991150442478 0.13274336283185842 0.18584070796460178
0 0.8097345132743363 0.036135693215339236 0.1084070796460177 0.07227138643067847
0 0.03871681415929203 0.8731563421828908 0.07743362831858407 0.18289085545722714
0 0.14767699115044247 0.9070796460176991 0.13606194690265486 0.18584070796460178
0 0.29258849557522126 0.9026548672566371 0.12389380530973451 0.17404129793510326
0 0.16426991150442477 0.6327433628318584 0.07079646017699115 0.10029498525073746
0 0.6244469026548672 0.9734513274336283 0.09402654867256637 0.05309734513274336
0 0.9408185840707964 0.6474926253687315 0.1161504424778761 0.13569321533923304
0 0.7599557522123894 0.6371681415929203 0.09513274336283185 0.11504424778761062