0 0.3801571709233792 0.029450261780104712 0.0962671905697446 0.058900523560209424
0 0.15913555992141454 0.2833769633507853 0.10903732809430255 0.28403141361256545
0 0.07416502946954813 0.33507853403141363 0.10510805500982318 0.18324607329842932
0 0.04764243614931238 0.569371727748691 0.08840864440078586 0.09554973821989529
0 0.4287819253438114 0.5850785340314136 0.07858546168958742 0.09554973821989529
0 0.4715127701375246 0.5647905759162304 0.068762278978389 0.09947643979057591
0 0.2961689587426326 0.26112565445026176 0.07858546168958742 0.13481675392670156
0 0.49901768172888017 0.19829842931937172 0.060903732809430254 0.10340314136125654
0 0.824656188605108 0.30497382198952877 0.12278978388998035 0.13612565445026178
0 0.6006876227897839 0.26767015706806285 0.0893909626719057 0.10209424083769633
0 0.5481335952848723 0.46335078534031415 0.03732809430255403 0.11518324607329843
0 0.768172888015717 0.5569371727748691 0.17485265225933203 0.17015706806282724
0 0.7760314341846758 0.6236910994764397 0.1237721021611002 0.07198952879581152
0 0.6517681728880157 0.643979057591623 0.0893909626719057 0.031413612565445025
0 0.56237721021611 0.6348167539267016 0.06581532416502947 0.049738219895287955
0 0.3074656188605108 0.6819371727748691 0.068762278978389 0.04450261780104712
0 0.41846758349705304 0.9692408376963351 0.137524557956778 0.061518324607329845
0 0.1743614931237721 0.9345549738219895 0.0825147347740668 0.11780104712041885
0 0.93713163064833 0.8880890052356021 0.068762278978389 0.09162303664921466
0 0.5820235756385069 0.7794502617801047 0.0962671905697446 0.12172774869109948