0 0.1810344827586207 0.032432432432432434 0.08620689655172414 0.06486486486486487
0 0.36004056795131845 0.0891891891891892 0.08620689655172414 0.10945945945945947
0 0.5 0.033783783783783786 0.15821501014198783 0.06756756756756757
0 0.38235294117647056 0.36283783783783785 0.09127789046653144 0.12567567567567567
0 0.755578093306288 0.37432432432432433 0.10243407707910751 0.12297297297297298
0 0.8504056795131846 0.5466216216216216 0.07809330628803246 0.025675675675675677
0 0.18864097363083165 0.6216216216216216 0.09127789046653144 0.12432432432432433
0 0.14249492900608518 0.8432432432432433 0.0821501014198783 0.1
0 0.2601419878296146 0.9439189189189189 0.0720081135902637 0.10945945945945947
0 0.6171399594320487 0.7641891891891892 0.06795131845841786 0.07972972972972973
0 0.6566937119675457 0.8202702702702702 0.060851926977687626 0.12027027027027028
0 0.7565922920892495 0.8945945945945946 0.057809330628803245 0.07972972972972973
0 0.9163286004056795 0.9608108108108108 0.1206896551724138 0.07837837837837838
0 0.9781947261663286 0.9695945945945946 0.0436105476673428 0.060810810810810814
0 0.6556795131845842 0.5817567567567568 0.06592292089249494 0.0445945945945946