0 0.29975728155339804 0.47249190938511326 0.15169902912621358 0.20064724919093851
0 0.03337378640776699 0.5493527508090615 0.06674757281553398 0.059870550161812294
0 0.8264563106796117 0.32281553398058255 0.14441747572815533 0.19093851132686085
0 0.6941747572815534 0.5121359223300971 0.13592233009708737 0.1343042071197411
0 0.537621359223301 0.44741100323624594 0.11771844660194175 0.1553398058252427
0 0.34101941747572817 0.8050161812297735 0.17718446601941748 0.26375404530744334
0 0.2621359223300971 0.7338187702265372 0.16868932038834952 0.21844660194174756
0 0.1171116504854369 0.9215210355987055 0.10922330097087378 0.15210355987055016
0 0.9635922330097088 0.8648867313915858 0.07281553398058252 0.26375404530744334
0 0.9259708737864077 0.790453074433657 0.14805825242718446 0.22491909385113268
0 0.7894417475728155 0.9490291262135923 0.11286407766990292 0.10194174757281553
0 0.4854368932038835 0.8147249190938511 0.11165048543689321 0.1796116504854369
0 0.5588592233009708 0.8972491909385113 0.21480582524271843 0.20550161812297735