0 0.3937125748502994 0.2553191489361702 0.1027944111776447 0.06914893617021277
0 0.4126746506986028 0.1422872340425532 0.0968063872255489 0.11702127659574468
0 0.936127744510978 0.261968085106383 0.1277445109780439 0.05585106382978723
0 0.8323353293413174 0.17220744680851063 0.18562874251497005 0.23537234042553193
0 0.689620758483034 0.21077127659574468 0.13972055888223553 0.15824468085106383
0 0.25399201596806387 0.8756648936170213 0.08782435129740519 0.10505319148936171
0 0.10828343313373254 0.38896276595744683 0.10079840319361277 0.13031914893617022
0 0.5503992015968064 0.925531914893617 0.13872255489021956 0.14893617021276595
0 0.5753493013972056 0.6575797872340425 0.08882235528942116 0.11835106382978723
0 0.4431137724550898 0.6482712765957447 0.09780439121756487 0.12367021276595745
0 0.3597804391217565 0.375 0.1347305389221557 0.1702127659574468
0 0.5633732534930139 0.35438829787234044 0.07584830339321358 0.09973404255319149
0 0.5878243512974052 0.8238031914893617 0.06387225548902195 0.14760638297872342
0 0.6447105788423154 0.6329787234042553 0.0499001996007984 0.11702127659574468
0 0.7135728542914171 0.90625 0.08083832335329341 0.10372340425531915
0 0.8368263473053892 0.8038563829787234 0.16666666666666666 0.20212765957446807
0 0.970558882235529 0.7280585106382979 0.05888223552894212 0.12632978723404256
0 0.9555888223552894 0.5252659574468085 0.08882235528942116 0.1196808510638298
0 0.8483033932135728 0.4740691489361702 0.10778443113772455 0.14627659574468085
0 0.7230538922155688 0.3191489361702128 0.14870259481037923 0.05851063829787234