0 0.45020964360587 0.1696927374301676 0.09643605870020965 0.12849162011173185
0 0.470125786163522 0.3924581005586592 0.10167714884696016 0.138268156424581
0 0.3857442348008386 0.3645251396648045 0.09224318658280922 0.12430167597765363
0 0.32337526205450734 0.3756983240223464 0.09433962264150944 0.12849162011173185
0 0.049266247379454925 0.30377094972067037 0.09853249475890985 0.22486033519553073
0 0.05607966457023061 0.4825418994413408 0.11215932914046121 0.16061452513966482
0 0.9544025157232704 0.1717877094972067 0.09119496855345911 0.15921787709497207
0 0.8642557651991615 0.2325418994413408 0.11006289308176101 0.1452513966480447
0 0.860587002096436 0.10195530726256984 0.18448637316561844 0.20391061452513967
0 0.6221174004192872 0.34567039106145253 0.10587002096436059 0.1717877094972067
0 0.5927672955974843 0.526536312849162 0.04716981132075472 0.1452513966480447
0 0.5251572327044025 0.6543296089385475 0.0880503144654088 0.11033519553072625
0 0.3805031446540881 0.6578212290502793 0.18448637316561844 0.11731843575418995
0 0.27044025157232704 0.922486033519553 0.15723270440251572 0.15502793296089384
0 0.27620545073375263 0.7569832402234636 0.11740041928721175 0.1494413407821229
0 0.970125786163522 0.6682960893854749 0.059748427672955975 0.138268156424581
0 0.8988469601677149 0.7828212290502793 0.10062893081761007 0.138268156424581
0 0.6734800838574424 0.6641061452513967 0.13941299790356393 0.12988826815642457
0 0.8259958071278826 0.9581005586592178 0.11949685534591195 0.08379888268156424
0 0.5938155136268344 0.8268156424581006 0.049266247379454925 0.09217877094972067