0 0.06492718446601942 0.24110032362459546 0.12985436893203883 0.19093851132686085
0 0.12378640776699029 0.42394822006472493 0.16019417475728157 0.12944983818770225
0 0.27063106796116504 0.4425566343042071 0.1383495145631068 0.09223300970873786
0 0.6268203883495146 0.46359223300970875 0.125 0.05016181229773463
0 0.8404126213592233 0.2953074433656958 0.1796116504854369 0.23786407766990292
0 0.9830097087378641 0.4021035598705502 0.03398058252427184 0.10517799352750809
0 0.04247572815533981 0.9239482200647249 0.08495145631067962 0.15210355987055016
0 0.29065533980582525 0.7661812297734628 0.16140776699029127 0.21197411003236247
0 0.41019417475728154 0.9676375404530745 0.12135922330097088 0.06472491909385113
0 0.47512135922330095 0.8762135922330098 0.08859223300970874 0.11812297734627832
0 0.9441747572815534 0.6763754045307443 0.11165048543689321 0.23624595469255663
0 0.7936893203883495 0.9166666666666666 0.13592233009708737 0.16666666666666666