0 0.02131336405529954 0.21769230769230768 0.04262672811059908 0.19230769230769232
0 0.17223502304147464 0.15615384615384614 0.26036866359447003 0.2723076923076923
0 0.3784562211981567 0.41923076923076924 0.1313364055299539 0.1646153846153846
0 0.5345622119815668 0.39384615384615385 0.17050691244239632 0.24615384615384617
0 0.6307603686635944 0.4207692307692308 0.1313364055299539 0.16153846153846155
0 0.9014976958525346 0.05 0.11635944700460829 0.1
0 0.913594470046083 0.27692307692307694 0.044930875576036866 0.12615384615384614
0 0.4792626728110599 0.5084615384615384 0.059907834101382486 0.06307692307692307
0 0.023617511520737326 0.93 0.04723502304147465 0.14
0 0.75 0.8630769230769231 0.1497695852534562 0.27384615384615385
0 0.8300691244239631 0.9415384615384615 0.13940092165898618 0.11692307692307692
0 0.6140552995391705 0.7415384615384616 0.10368663594470046 0.1723076923076923