0 0.19132029339853301 0.44788273615635177 0.23594132029339854 0.19218241042345277
0 0.16381418092909536 0.5390879478827362 0.15403422982885084 0.05863192182410423
0 0.2206601466992665 0.21335504885993486 0.12836185819070906 0.13029315960912052
0 0.9272616136919315 0.1001628664495114 0.09535452322738386 0.13355048859934854
0 0.758557457212714 0.016286644951140065 0.10880195599022005 0.03257328990228013
0 0.741442542787286 0.0993485342019544 0.09657701711491443 0.12214983713355049
0 0.7029339853300733 0.18322475570032573 0.10268948655256724 0.12052117263843648
0 0.4877750611246944 0.5 0.11735941320293398 0.13680781758957655
0 0.3215158924205379 0.23941368078175895 0.02444987775061125 0.19218241042345277
0 0.3533007334963325 0.47068403908794787 0.08801955990220049 0.19543973941368079
0 0.24327628361858192 0.6058631921824105 0.13202933985330073 0.0749185667752443
0 0.2732273838630807 0.9429967426710097 0.07212713936430318 0.11400651465798045
0 0.784841075794621 0.5952768729641694 0.1198044009779951 0.05374592833876222
0 0.5311735941320294 0.7939739413680782 0.1332518337408313 0.13843648208469056
0 0.4944987775061125 0.9609120521172638 0.21638141809290953 0.0781758957654723
0 0.5727383863080685 0.6612377850162866 0.09535452322738386 0.10749185667752444