0 0.16510416666666666 0.04722222222222222 0.234375 0.09444444444444444
0 0.05520833333333333 0.29583333333333334 0.11041666666666666 0.18055555555555555
0 0.4421875 0.2388888888888889 0.12395833333333334 0.16666666666666666
0 0.5776041666666667 0.37777777777777777 0.12291666666666666 0.16111111111111112
0 0.5296875 0.5423611111111111 0.09270833333333334 0.12083333333333333
0 0.66875 0.2625 0.0375 0.24722222222222223
0 0.7776041666666667 0.5875 0.11041666666666666 0.14722222222222223
0 0.2635416666666667 0.7256944444444444 0.0875 0.09305555555555556
0 0.5807291666666666 0.8548611111111111 0.13854166666666667 0.23472222222222222
0 0.5427083333333333 0.9625 0.10625 0.075
0 0.31979166666666664 0.9618055555555556 0.10208333333333333 0.0763888888888889
0 0.8869791666666667 0.7881944444444444 0.22604166666666667 0.21805555555555556
0 0.8135416666666667 0.6986111111111111 0.16875 0.03888888888888889