0 0.4699738903394256 0.33710801393728224 0.19843342036553524 0.29442508710801396
0 0.529373368146214 0.24390243902439024 0.07963446475195822 0.18815331010452963
0 0.05483028720626632 0.4547038327526132 0.10966057441253264 0.1289198606271777
0 0.0639686684073107 0.19076655052264807 0.1279373368146214 0.20034843205574912
0 0.15469973890339425 0.2952961672473868 0.185378590078329 0.2578397212543554
0 0.32310704960835507 0.32926829268292684 0.15274151436031333 0.21254355400696864
0 0.9765013054830287 0.45121951219512196 0.04699738903394256 0.13588850174216027
0 0.6233681462140992 0.3945993031358885 0.10835509138381201 0.19337979094076654
0 0.6161879895561357 0.2456445993031359 0.09399477806788512 0.17770034843205576
0 0.6788511749347258 0.0740418118466899 0.1279373368146214 0.1480836236933798
0 0.8674934725848564 0.14634146341463414 0.13185378590078328 0.17247386759581881
0 0.26631853785900783 0.9285714285714286 0.1566579634464752 0.14285714285714285
0 0.07114882506527415 0.8562717770034843 0.1422976501305483 0.2073170731707317
0 0.07506527415143603 0.6280487804878049 0.1279373368146214 0.16898954703832753
0 0.6442558746736292 0.9416376306620209 0.11879895561357702 0.11672473867595819
0 0.7552219321148825 0.9703832752613241 0.17362924281984335 0.059233449477351915
0 0.7617493472584856 0.6010452961672473 0.16579634464751958 0.16376306620209058