0 0.014925373134328358 0.13034188034188035 0.029850746268656716 0.1267806267806268
0 0.244136460554371 0.0349002849002849 0.1044776119402985 0.0698005698005698
0 0.38486140724946694 0.09829059829059829 0.10980810234541578 0.16381766381766383
0 0.48720682302771856 0.03561253561253561 0.08528784648187633 0.07122507122507123
0 0.055970149253731345 0.8774928774928775 0.07569296375266525 0.11823361823361823
0 0.048507462686567165 0.7514245014245015 0.09701492537313433 0.17236467236467237
0 0.026652452025586353 0.5491452991452992 0.053304904051172705 0.292022792022792
0 0.15724946695095948 0.28703703703703703 0.1162046908315565 0.0754985754985755
0 0.2905117270788913 0.7663817663817664 0.10767590618336886 0.14102564102564102
0 0.44562899786780386 0.8739316239316239 0.10127931769722814 0.1452991452991453
0 0.5159914712153518 0.7450142450142451 0.02771855010660981 0.11396011396011396
0 0.7244136460554371 0.8974358974358975 0.10660980810234541 0.14957264957264957
0 0.8363539445628998 0.834045584045584 0.07249466950959488 0.11253561253561253
0 0.7819829424307037 0.7150997150997151 0.17484008528784648 0.20797720797720798
0 0.7377398720682303 0.5078347578347578 0.17164179104477612 0.28347578347578345
0 0.5922174840085288 0.457977207977208 0.12473347547974413 0.2777777777777778