0 0.3416666666666667 0.3784722222222222 0.05625 0.2013888888888889
0 0.3182291666666667 0.32708333333333334 0.103125 0.20972222222222223
0 0.04895833333333333 0.3472222222222222 0.065625 0.11527777777777778
0 0.3572916666666667 0.08888888888888889 0.025 0.11388888888888889
0 0.8630208333333333 0.04513888888888889 0.12604166666666666 0.09027777777777778
0 0.03125 0.9048611111111111 0.0625 0.13194444444444445
0 0.34270833333333334 0.7923611111111111 0.05416666666666667 0.12916666666666668
0 0.1328125 0.6416666666666667 0.14583333333333334 0.1763888888888889
0 0.7078125 0.8979166666666667 0.09270833333333334 0.1527777777777778
0 0.59375 0.7569444444444444 0.16041666666666668 0.2916666666666667
0 0.5171875 0.6666666666666666 0.1375 0.175
0 0.9661458333333334 0.7277777777777777 0.06770833333333333 0.13333333333333333
0 0.9447916666666667 0.49930555555555556 0.11041666666666666 0.04027777777777778
0 0.9015625 0.49236111111111114 0.07395833333333333 0.02638888888888889
0 0.6270833333333333 0.5201388888888889 0.11458333333333333 0.08194444444444444