0 0.22933467741935484 0.041666666666666664 0.07963709677419355 0.08333333333333333
0 0.7328629032258065 0.3393817204301075 0.0907258064516129 0.10080645161290322
0 0.6411290322580645 0.3185483870967742 0.1431451612903226 0.1424731182795699
0 0.4803427419354839 0.3172043010752688 0.22278225806451613 0.14516129032258066
0 0.32560483870967744 0.08534946236559139 0.11290322580645161 0.16532258064516128
0 0.7127016129032258 0.05981182795698925 0.11290322580645161 0.1196236559139785
0 0.12298387096774194 0.9489247311827957 0.125 0.10215053763440861
0 0.1905241935483871 0.5799731182795699 0.15725806451612903 0.22983870967741934
0 0.04334677419354839 0.40456989247311825 0.08669354838709678 0.02956989247311828
0 0.1537298387096774 0.4536290322580645 0.11391129032258064 0.12768817204301075
0 0.8039314516129032 0.926747311827957 0.13608870967741934 0.14650537634408603
0 0.3014112903225806 0.6303763440860215 0.06451612903225806 0.13440860215053763
0 0.6003024193548387 0.7903225806451613 0.09979838709677419 0.12231182795698925
0 0.626008064516129 0.5685483870967742 0.0907258064516129 0.12903225806451613
0 0.4188508064516129 0.4361559139784946 0.1461693548387097 0.09274193548387097
0 0.8659274193548387 0.6774193548387096 0.18346774193548387 0.20833333333333334
0 0.9294354838709677 0.5739247311827957 0.14112903225806453 0.22043010752688172
0 0.829133064516129 0.4771505376344086 0.10383064516129033 0.13709677419354838
0 0.7303427419354839 0.43413978494623656 0.11391129032258064 0.08870967741935484