0 0.3353131749460043 0.4329971181556196 0.1587473002159827 0.1340057636887608
0 0.08801295896328294 0.430835734870317 0.17602591792656588 0.138328530259366
0 0.1976241900647948 0.36671469740634005 0.18142548596112312 0.2665706051873199
0 0.7958963282937365 0.47910662824207495 0.08855291576673865 0.04178674351585014
0 0.9719222462203023 0.069164265129683 0.056155507559395246 0.138328530259366
0 0.4719222462203024 0.41570605187319887 0.04535637149028078 0.14265129682997119
0 0.4946004319654428 0.2507204610951009 0.09071274298056156 0.138328530259366
0 0.6517278617710583 0.28746397694524495 0.10583153347732181 0.13688760806916425
0 0.7575593952483801 0.04899135446685879 0.15658747300215983 0.09798270893371758
0 0.13606911447084233 0.6772334293948127 0.1285097192224622 0.17723342939481268
0 0.3093952483801296 0.7355907780979827 0.1285097192224622 0.1685878962536023
0 0.11609071274298056 0.5345821325648416 0.10691144708423327 0.069164265129683
0 0.5653347732181425 0.94164265129683 0.1285097192224622 0.11671469740634005
0 0.7381209503239741 0.9704610951008645 0.1285097192224622 0.059077809798270896
0 0.5458963282937365 0.7917867435158501 0.10691144708423327 0.14697406340057637