0 0.5133587786259542 0.08503401360544217 0.21246819338422393 0.17006802721088435
0 0.6005089058524173 0.0467687074829932 0.09669211195928754 0.0935374149659864
0 0.6272264631043257 0.22363945578231292 0.043256997455470736 0.08333333333333333
0 0.3256997455470738 0.04931972789115646 0.1297709923664122 0.09863945578231292
0 0.04389312977099236 0.04081632653061224 0.08778625954198473 0.08163265306122448
0 0.6921119592875318 0.11819727891156463 0.08651399491094147 0.23639455782312926
0 0.9472010178117048 0.14200680272108843 0.10559796437659033 0.1445578231292517
0 0.03371501272264631 0.6147959183673469 0.06743002544529263 0.23979591836734693
0 0.06997455470737914 0.5399659863945578 0.13358778625954199 0.1989795918367347
0 0.25127226463104324 0.8052721088435374 0.10559796437659033 0.15306122448979592
0 0.9211195928753181 0.9591836734693877 0.11959287531806616 0.08163265306122448