0 0.04588607594936709 0.34058988764044945 0.09177215189873418 0.12219101123595505
0 0.18459915611814345 0.44241573033707865 0.09071729957805907 0.07303370786516854
0 0.2141350210970464 0.11587078651685394 0.03164556962025317 0.14747191011235955
0 0.17721518987341772 0.20856741573033707 0.06434599156118144 0.10533707865168539
0 0.2979957805907173 0.43047752808988765 0.09177215189873418 0.09691011235955056
0 0.8660337552742616 0.3202247191011236 0.0938818565400844 0.12219101123595505
0 0.5142405063291139 0.37640449438202245 0.0949367088607595 0.10814606741573034
0 0.5300632911392406 0.1425561797752809 0.08016877637130802 0.12219101123595505
0 0.7737341772151899 0.05688202247191011 0.13818565400843882 0.11376404494382023
0 0.2927215189873418 0.16713483146067415 0.12552742616033755 0.16853932584269662
0 0.2558016877637131 0.07092696629213484 0.05168776371308017 0.14185393258426968
0 0.3407172995780591 0.021769662921348316 0.0949367088607595 0.04353932584269663
0 0.3681434599156118 0.7120786516853933 0.11392405063291139 0.1348314606741573
0 0.5891350210970464 0.6242977528089888 0.10759493670886076 0.12780898876404495
0 0.3449367088607595 0.49719101123595505 0.14345991561181434 0.03651685393258427
0 0.9409282700421941 0.961376404494382 0.11814345991561181 0.07724719101123595