0 0.619098712446352 0.25787965616045844 0.02145922746781116 0.10888252148997135
0 0.5643776824034334 0.20415472779369628 0.045064377682403435 0.06446991404011461
0 0.5085836909871244 0.15544412607449856 0.06866952789699571 0.1318051575931232
0 0.4093347639484979 0.08739255014326648 0.0740343347639485 0.11891117478510028
0 0.24356223175965666 0.04297994269340974 0.13090128755364808 0.08595988538681948
0 0.1582618025751073 0.03581661891117478 0.10193133047210301 0.07163323782234957
0 0.6496781115879828 0.03151862464183381 0.03969957081545064 0.06303724928366762
0 0.8894849785407726 0.0673352435530086 0.1459227467811159 0.1346704871060172
0 0.6099785407725322 0.8667621776504298 0.03969957081545064 0.1833810888252149
0 0.51931330472103 0.9419770773638968 0.19957081545064378 0.11604584527220631
0 0.2446351931330472 0.8137535816618912 0.1072961373390558 0.14469914040114612
0 0.5847639484978541 0.5071633237822349 0.09012875536480687 0.13753581661891118
0 0.8487124463519313 0.8846704871060171 0.07725321888412018 0.10458452722063037
0 0.6775751072961373 0.5680515759312321 0.06866952789699571 0.09169054441260745