0 0.17035864978902954 0.13764044943820225 0.12552742616033755 0.1699438202247191
0 0.0580168776371308 0.2794943820224719 0.1160337552742616 0.17696629213483145
0 0.08069620253164557 0.41081460674157305 0.11075949367088607 0.07724719101123595
0 0.8670886075949367 0.38202247191011235 0.1518987341772152 0.1348314606741573
0 0.6613924050632911 0.28651685393258425 0.1149789029535865 0.1601123595505618
0 0.46729957805907174 0.09691011235955056 0.1962025316455696 0.19382022471910113
0 0.4277426160337553 0.22612359550561797 0.10337552742616034 0.1348314606741573
0 0.5411392405063291 0.3595505617977528 0.09282700421940929 0.12359550561797752
0 0.037447257383966245 0.523876404494382 0.07489451476793249 0.14887640449438203
0 0.14820675105485231 0.5414325842696629 0.2310126582278481 0.18398876404494383
0 0.2779535864978903 0.8490168539325843 0.12341772151898735 0.18398876404494383
0 0.7774261603375527 0.8188202247191011 0.169831223628692 0.27247191011235955
0 0.8169831223628692 0.9213483146067416 0.1360759493670886 0.15730337078651685
0 0.4055907172995781 0.7640449438202247 0.09071729957805907 0.11938202247191011
0 0.3871308016877637 0.7085674157303371 0.08966244725738397 0.12219101123595505
0 0.6951476793248945 0.6502808988764045 0.10443037974683544 0.1544943820224719