0 0.11945169712793734 0.06445993031358885 0.16318537859007834 0.1289198606271777
0 0.19255874673629242 0.2761324041811847 0.15796344647519583 0.18641114982578397
0 0.9131853785900783 0.08797909407665505 0.17362924281984335 0.1759581881533101
0 0.5496083550913838 0.08101045296167247 0.1671018276762402 0.16202090592334495
0 0.19516971279373369 0.9398954703832753 0.22845953002610966 0.12020905923344948
0 0.033942558746736295 0.8153310104529616 0.06788511749347259 0.17073170731707318
0 0.20757180156657964 0.4024390243902439 0.1906005221932115 0.06620209059233449
0 0.05483028720626632 0.5705574912891986 0.10966057441253264 0.23519163763066203
0 0.16971279373368145 0.4146341463414634 0.0835509138381201 0.09059233449477352
0 0.7199738903394256 0.8031358885017421 0.2297650130548303 0.3501742160278746
0 0.6005221932114883 0.828397212543554 0.17754569190600522 0.2421602787456446
0 0.5091383812010444 0.563588850174216 0.12924281984334204 0.16376306620209058
0 0.9092689295039165 0.7517421602787456 0.14490861618798956 0.2073170731707317
0 0.5280678851174935 0.3980836236933798 0.1866840731070496 0.05749128919860627
0 0.3394255874673629 0.5087108013937283 0.06005221932114883 0.2787456445993031