0 0.03562176165803109 0.33217993079584773 0.07124352331606218 0.25259515570934254
0 0.06800518134715026 0.3711072664359862 0.133419689119171 0.17128027681660898
0 0.7810880829015544 0.06055363321799308 0.11658031088082901 0.12110726643598616
0 0.5025906735751295 0.16262975778546712 0.1411917098445596 0.2560553633217993
0 0.6988341968911918 0.4126297577854671 0.12305699481865284 0.09169550173010381
0 0.9300518134715026 0.4195501730103806 0.13989637305699482 0.07785467128027682
0 0.10297927461139897 0.5017301038062284 0.11528497409326424 0.08650519031141868
0 0.1794041450777202 0.6038062283737025 0.11787564766839378 0.1695501730103806
0 0.3134715025906736 0.8347750865051903 0.20207253886010362 0.28546712802768165
0 0.3795336787564767 0.8780276816608996 0.08031088082901554 0.19550173010380623
0 0.18652849740932642 0.9394463667820069 0.15544041450777202 0.12110726643598616
0 0.5874352331606217 0.5501730103806228 0.09715025906735751 0.1314878892733564
0 0.7260362694300518 0.801038062283737 0.20725388601036268 0.28719723183391005
0 0.8231865284974094 0.8261245674740484 0.11787564766839378 0.15570934256055363
0 0.5647668393782384 0.8788927335640139 0.15544041450777202 0.18166089965397925