0 0.059619238476953905 0.07553475935828877 0.09318637274549098 0.15106951871657753
0 0.1688376753507014 0.232620320855615 0.15831663326653306 0.2339572192513369
0 0.250501002004008 0.27540106951871657 0.12324649298597194 0.16042780748663102
0 0.028056112224448898 0.4852941176470588 0.056112224448897796 0.16310160427807488
0 0.09268537074148296 0.3850267379679144 0.11322645290581163 0.12834224598930483
0 0.8086172344689379 0.1537433155080214 0.1432865731462926 0.2967914438502674
0 0.8572144288577155 0.25668449197860965 0.12925851703406813 0.20454545454545456
0 0.6928857715430862 0.056818181818181816 0.08917835671342686 0.11363636363636363
0 0.43687374749499 0.1858288770053476 0.05410821643286573 0.11497326203208556
0 0.45090180360721444 0.232620320855615 0.08216432865731463 0.10962566844919786
0 0.7890781563126252 0.4832887700534759 0.10020040080160321 0.11363636363636363
0 0.658817635270541 0.5548128342245989 0.12925851703406813 0.08823529411764706
0 0.45691382765531063 0.5026737967914439 0.09418837675350701 0.1711229946524064
0 0.2059118236472946 0.7199197860962567 0.11923847695390781 0.1590909090909091
0 0.5886773547094188 0.6524064171122995 0.1092184368737475 0.10695187165775401
0 0.49148296593186375 0.8088235294117647 0.11022044088176353 0.14037433155080214
0 0.5661322645290581 0.945855614973262 0.08817635270541083 0.10828877005347594