0 0.17362637362637362 0.39002932551319647 0.22417582417582418 0.15102639296187684
0 0.12967032967032968 0.2653958944281525 0.14505494505494507 0.15102639296187684
0 0.656043956043956 0.37609970674486803 0.07252747252747253 0.20087976539589442
0 0.6472527472527473 0.24926686217008798 0.054945054945054944 0.16129032258064516
0 0.8648351648351649 0.013196480938416423 0.1978021978021978 0.026392961876832845
0 0.9598901098901099 0.07917888563049853 0.08021978021978023 0.1436950146627566
0 0.41703296703296705 0.9208211143695014 0.0989010989010989 0.14809384164222875
0 0.27692307692307694 0.8614369501466276 0.0956043956043956 0.10557184750733138
0 0.25769230769230766 0.5667155425219942 0.11318681318681319 0.054252199413489736
0 0.06648351648351648 0.9838709677419355 0.1043956043956044 0.03225806451612903
0 0.09340659340659341 0.8848973607038123 0.1 0.1378299120234604
0 0.9824175824175824 0.7331378299120235 0.035164835164835165 0.3255131964809384