0 0.38912579957356075 0.038461538461538464 0.05970149253731343 0.07692307692307693
0 0.3358208955223881 0.0698005698005698 0.08102345415778252 0.1396011396011396
0 0.2281449893390192 0.12108262108262108 0.08528784648187633 0.12962962962962962
0 0.05970149253731343 0.198005698005698 0.11940298507462686 0.21652421652421652
0 0.012260127931769723 0.14957264957264957 0.024520255863539446 0.12535612535612536
0 0.11300639658848614 0.3575498575498576 0.12046908315565032 0.12962962962962962
0 0.9594882729211087 0.03276353276353276 0.04477611940298507 0.06552706552706553
0 0.488272921108742 0.2670940170940171 0.12046908315565032 0.2792022792022792
0 0.43336886993603413 0.3076923076923077 0.028784648187633263 0.17663817663817663
0 0.6412579957356077 0.22934472934472935 0.08208955223880597 0.14814814814814814
0 0.8795309168443497 0.16096866096866097 0.0906183368869936 0.11538461538461539
0 0.2547974413646055 0.5484330484330484 0.1023454157782516 0.13817663817663817
0 0.35074626865671643 0.7428774928774928 0.08422174840085288 0.11396011396011396
0 0.26332622601279315 0.7585470085470085 0.09275053304904052 0.1225071225071225
0 0.9802771855010661 0.5883190883190883 0.039445628997867806 0.07692307692307693
0 0.7809168443496801 0.5206552706552706 0.09914712153518124 0.13675213675213677
0 0.5063965884861408 0.8368945868945868 0.12899786780383796 0.28917378917378916
0 0.4445628997867804 0.8696581196581197 0.0511727078891258 0.18376068376068377
0 0.6604477611940298 0.7977207977207977 0.08955223880597014 0.15242165242165243
0 0.8981876332622601 0.7236467236467237 0.0906183368869936 0.11538461538461539