0 0.04906542056074766 0.16121495327102803 0.09813084112149532 0.16355140186915887
0 0.16764018691588786 0.16199376947040497 0.1133177570093458 0.1573208722741433
0 0.36507009345794394 0.17367601246105918 0.169392523364486 0.26635514018691586
0 0.41238317757009346 0.25934579439252337 0.07476635514018691 0.16355140186915887
0 0.352803738317757 0.03271028037383177 0.1425233644859813 0.06542056074766354
0 0.5023364485981309 0.3161993769470405 0.0969626168224299 0.1292834890965732
0 0.8539719626168224 0.5996884735202492 0.1261682242990654 0.0778816199376947
0 0.6991822429906542 0.12538940809968846 0.1133177570093458 0.1557632398753894
0 0.9211448598130841 0.30062305295950154 0.15771028037383178 0.23052959501557632
0 0.1764018691588785 0.8995327102803738 0.21261682242990654 0.20093457943925233
0 0.2955607476635514 0.9244548286604362 0.25 0.15109034267912771
0 0.4304906542056075 0.6962616822429907 0.038551401869158876 0.11526479750778816
0 0.3253504672897196 0.7048286604361371 0.08995327102803738 0.1261682242990654
0 0.7529205607476636 0.9182242990654206 0.19976635514018692 0.16355140186915887
0 0.866822429906542 0.9493769470404985 0.16822429906542055 0.10124610591900311
0 0.9310747663551402 0.7655763239875389 0.12032710280373832 0.14953271028037382
0 0.5835280373831776 0.9345794392523364 0.12266355140186916 0.1308411214953271