0 0.4850835322195704 0.4164012738853503 0.04892601431980907 0.1449044585987261
0 0.3269689737470167 0.35828025477707004 0.162291169451074 0.2611464968152866
0 0.24105011933174225 0.3495222929936306 0.1467780429594272 0.25955414012738853
0 0.1766109785202864 0.054140127388535034 0.10023866348448687 0.10828025477707007
0 0.9486873508353222 0.39570063694267515 0.1026252983293556 0.18630573248407642
0 0.8269689737470167 0.025477707006369428 0.12171837708830549 0.050955414012738856
0 0.5346062052505967 0.42038216560509556 0.050119331742243436 0.13694267515923567
0 0.2165871121718377 0.9514331210191083 0.09904534606205251 0.09713375796178345
0 0.060859188544152745 0.8885350318471338 0.12171837708830549 0.2229299363057325
0 0.06026252983293556 0.5262738853503185 0.12052505966587113 0.07484076433121019
0 0.017303102625298328 0.6759554140127388 0.034606205250596656 0.12898089171974522
0 0.7321002386634845 0.6042993630573248 0.1467780429594272 0.23089171974522293