0 0.36670480549199086 0.48551829268292684 0.10640732265446225 0.17530487804878048
0 0.9622425629290617 0.4634146341463415 0.07551487414187644 0.125
0 0.5966819221967964 0.19817073170731708 0.12929061784897025 0.1676829268292683
0 0.977116704805492 0.15015243902439024 0.04576659038901602 0.15091463414634146
0 0.7911899313501144 0.0350609756097561 0.17048054919908467 0.0701219512195122
0 0.062356979405034325 0.9161585365853658 0.11098398169336385 0.15853658536585366
0 0.03318077803203661 0.7362804878048781 0.06636155606407322 0.21341463414634146
0 0.35697940503432496 0.6592987804878049 0.12585812356979406 0.05945121951219512
0 0.9788329519450801 0.9420731707317073 0.04233409610983982 0.11585365853658537
0 0.9033180778032036 0.8483231707317073 0.11098398169336385 0.1448170731707317
0 0.7705949656750573 0.9611280487804879 0.10869565217391304 0.07774390243902439
0 0.7151029748283753 0.6394817073170732 0.10526315789473684 0.019817073170731708
0 0.5532036613272311 0.8071646341463414 0.17048054919908467 0.2225609756097561
0 0.4937070938215103 0.6699695121951219 0.09496567505720824 0.08079268292682927