0 0.47257383966244726 0.33848314606741575 0.05485232067510549 0.23314606741573032
0 0.1360759493670886 0.16292134831460675 0.12236286919831224 0.15870786516853932
0 0.27531645569620256 0.04424157303370786 0.12236286919831224 0.08848314606741572
0 0.4298523206751055 0.48735955056179775 0.14029535864978904 0.21910112359550563
0 0.955168776371308 0.3792134831460674 0.08966244725738397 0.1404494382022472
0 0.9767932489451476 0.15870786516853932 0.046413502109704644 0.1348314606741573
0 0.915084388185654 0.17907303370786518 0.09071729957805907 0.12359550561797752
0 0.8544303797468354 0.1544943820224719 0.09177215189873418 0.12780898876404495
0 0.5590717299578059 0.1776685393258427 0.11814345991561181 0.21769662921348315
0 0.6107594936708861 0.04353932584269663 0.12236286919831224 0.08707865168539326
0 0.09968354430379747 0.9529494382022472 0.1571729957805907 0.09410112359550561
0 0.2795358649789029 0.7612359550561798 0.11919831223628692 0.16432584269662923
0 0.09335443037974683 0.6404494382022472 0.10864978902953587 0.042134831460674156
0 0.04430379746835443 0.6924157303370787 0.08860759493670886 0.14606741573033707
0 0.7088607594936709 0.8637640449438202 0.08755274261603375 0.12219101123595505
0 0.7478902953586498 0.9810393258426966 0.04219409282700422 0.037921348314606744