0 0.2777777777777778 0.44107744107744107 0.10353535353535354 0.05723905723905724
0 0.054924242424242424 0.2037037037037037 0.10984848484848485 0.16498316498316498
0 0.9343434343434344 0.43434343434343436 0.13131313131313133 0.0707070707070707
0 0.8819444444444444 0.21717171717171718 0.2159090909090909 0.22053872053872053
0 0.8819444444444444 0.08333333333333333 0.1452020202020202 0.16666666666666666
0 0.5328282828282829 0.2904040404040404 0.13257575757575757 0.23063973063973064
0 0.6856060606060606 0.18434343434343434 0.09595959595959595 0.17676767676767677
0 0.37184343434343436 0.0765993265993266 0.0845959595959596 0.14646464646464646
0 0.4198232323232323 0.3106060606060606 0.07828282828282829 0.1414141414141414
0 0.21654040404040403 0.9427609427609428 0.13257575757575757 0.11447811447811448
0 0.9779040404040404 0.9250841750841751 0.04419191919191919 0.14983164983164984
0 0.9065656565656566 0.8173400673400674 0.10606060606060606 0.14814814814814814
0 0.9646464646464646 0.7239057239057239 0.0707070707070707 0.2356902356902357
0 0.6685606060606061 0.5404040404040404 0.13005050505050506 0.1414141414141414
0 0.4741161616161616 0.5606060606060606 0.1275252525252525 0.18181818181818182