0 0.6736111111111112 0.31812169312169314 0.1111111111111111 0.14814814814814814
0 0.7008928571428571 0.10582010582010581 0.0763888888888889 0.12169312169312169
0 0.6284722222222222 0.13227513227513227 0.0992063492063492 0.13227513227513227
0 0.3541666666666667 0.032407407407407406 0.11507936507936507 0.06481481481481481
0 0.2614087301587302 0.14351851851851852 0.14186507936507936 0.18518518518518517
0 0.9627976190476191 0.23544973544973544 0.0744047619047619 0.2619047619047619
0 0.9176587301587301 0.24074074074074073 0.13392857142857142 0.18915343915343916
0 0.8258928571428571 0.052248677248677246 0.09821428571428571 0.10449735449735449
0 0.6790674603174603 0.9246031746031746 0.09821428571428571 0.12698412698412698
0 0.4632936507936508 0.9556878306878307 0.0992063492063492 0.08862433862433862
0 0.3273809523809524 0.951058201058201 0.18452380952380953 0.09788359788359788
0 0.23859126984126985 0.9616402116402116 0.15178571428571427 0.07671957671957672
0 0.5322420634920635 0.6058201058201058 0.09226190476190477 0.12433862433862433
0 0.4851190476190476 0.6124338624338624 0.09821428571428571 0.1283068783068783
0 0.13740079365079366 0.8253968253968254 0.09722222222222222 0.12433862433862433
0 0.3288690476190476 0.5026455026455027 0.13194444444444445 0.06613756613756613
0 0.15178571428571427 0.6309523809523809 0.13392857142857142 0.16534391534391535
0 0.015873015873015872 0.7923280423280423 0.031746031746031744 0.20634920634920634
0 0.9895833333333334 0.5859788359788359 0.020833333333333332 0.1164021164021164
0 0.9603174603174603 0.5687830687830688 0.07936507936507936 0.12169312169312169