0 0.06600467289719626 0.2616822429906542 0.13200934579439252 0.1557632398753894
0 0.6839953271028038 0.2866043613707165 0.1483644859813084 0.1059190031152648
0 0.9503504672897196 0.3076323987538941 0.09929906542056074 0.06386292834890965
0 0.028621495327102803 0.6261682242990654 0.05724299065420561 0.1806853582554517
0 0.17873831775700935 0.5529595015576324 0.1542056074766355 0.21339563862928349
0 0.28738317757009346 0.4197819314641745 0.2780373831775701 0.16043613707165108
0 0.5490654205607477 0.3629283489096573 0.12149532710280374 0.04672897196261682
0 0.3533878504672897 0.82398753894081 0.14485981308411214 0.19470404984423675
0 0.9310747663551402 0.5638629283489096 0.10630841121495327 0.13551401869158877
0 0.7757009345794392 0.7398753894080997 0.1366822429906542 0.1822429906542056
0 0.8311915887850467 0.9291277258566978 0.1530373831775701 0.14174454828660435
0 0.9480140186915887 0.9579439252336449 0.10397196261682243 0.08411214953271028