0 0.36363636363636365 0.32651515151515154 0.20681818181818182 0.24696969696969698
0 0.39431818181818185 0.2340909090909091 0.16818181818181818 0.23939393939393938
0 0.26988636363636365 0.04318181818181818 0.11704545454545455 0.08636363636363636
0 0.11193181818181819 0.023484848484848483 0.13977272727272727 0.04696969696969697
0 0.8147727272727273 0.42424242424242425 0.11136363636363636 0.051515151515151514
0 0.8988636363636363 0.23863636363636365 0.18977272727272726 0.2590909090909091
0 0.9590909090909091 0.18712121212121213 0.08181818181818182 0.1590909090909091
0 0.5357954545454545 0.21818181818181817 0.053409090909090906 0.17272727272727273
0 0.6329545454545454 0.09848484848484848 0.16818181818181818 0.19696969696969696
0 0.7664772727272727 0.17727272727272728 0.13863636363636364 0.17424242424242425
0 0.3085227272727273 0.9553030303030303 0.15795454545454546 0.0893939393939394
0 0.4289772727272727 0.9265151515151515 0.16022727272727272 0.14696969696969697
0 0.3522727272727273 0.7090909090909091 0.09318181818181819 0.12575757575757576
0 0.08636363636363636 0.5537878787878788 0.17272727272727273 0.20757575757575758
0 0.8806818181818182 0.9507575757575758 0.11136363636363636 0.09848484848484848
0 0.9221590909090909 0.8363636363636363 0.11136363636363636 0.15303030303030302
0 0.9528409090909091 0.6189393939393939 0.09431818181818181 0.27121212121212124
0 0.6056818181818182 0.568939393939394 0.1375 0.17272727272727273
0 0.7488636363636364 0.49696969696969695 0.16590909090909092 0.09393939393939393
0 0.8818181818181818 0.5280303030303031 0.13863636363636364 0.15606060606060607