0 0.34782608695652173 0.17530487804878048 0.08237986270022883 0.19817073170731708
0 0.2625858123569794 0.11661585365853659 0.13157894736842105 0.17073170731707318
0 0.9496567505720824 0.12652439024390244 0.10068649885583524 0.2530487804878049
0 0.7362700228832952 0.028963414634146343 0.10869565217391304 0.057926829268292686
0 0.709954233409611 0.15777439024390244 0.13157894736842105 0.17378048780487804
0 0.5406178489702517 0.3117378048780488 0.17505720823798626 0.09603658536585366
0 0.34610983981693366 0.5350609756097561 0.08581235697940504 0.2073170731707317
0 0.36384439359267734 0.8483231707317073 0.05034324942791762 0.08384146341463415
0 0.11956521739130435 0.6730182926829268 0.09382151029748284 0.125
0 0.9479405034324943 0.8521341463414634 0.10411899313501144 0.29573170731707316
0 0.6962242562929062 0.9405487804878049 0.09725400457665904 0.11890243902439024
0 0.7145308924485125 0.4794207317073171 0.19107551487414187 0.23932926829268292
0 0.4593821510297483 0.49847560975609756 0.10640732265446225 0.14329268292682926
0 0.4719679633867277 0.7012195121951219 0.11327231121281464 0.15548780487804878
0 0.5949656750572082 0.4336890243902439 0.13272311212814644 0.14786585365853658