0 0.12672811059907835 0.22230769230769232 0.10829493087557604 0.15846153846153846
0 0.28859447004608296 0.2692307692307692 0.1497695852534562 0.21846153846153846
0 0.19182027649769584 0.027692307692307693 0.21774193548387097 0.055384615384615386
0 0.3738479262672811 0.07076923076923076 0.09101382488479262 0.14153846153846153
0 0.3847926267281106 0.4423076923076923 0.06912442396313365 0.05384615384615385
0 0.47868663594470046 0.4346153846153846 0.10944700460829493 0.06923076923076923
0 0.6152073732718893 0.2953846153846154 0.11405529953917051 0.14461538461538462
0 0.5120967741935484 0.02923076923076923 0.16244239631336405 0.05846153846153846
0 0.847926267281106 0.39 0.12211981566820276 0.15846153846153846
0 0.7926267281105991 0.24153846153846154 0.12672811059907835 0.17846153846153845
0 0.8991935483870968 0.026153846153846153 0.11405529953917051 0.052307692307692305
0 0.3220046082949309 0.5923076923076923 0.12672811059907835 0.18615384615384614
0 0.39631336405529954 0.5284615384615384 0.04608294930875576 0.11846153846153847
0 0.7949308755760369 0.926923076923077 0.17972350230414746 0.14615384615384616
0 0.8162442396313364 0.5838461538461538 0.11866359447004608 0.16
0 0.9596774193548387 0.48 0.08064516129032258 0.021538461538461538