0 0.23879837067209775 0.40964673913043476 0.13136456211812628 0.15896739130434784
0 0.09826883910386966 0.29959239130434784 0.19653767820773932 0.327445652173913
0 0.05702647657841141 0.03260869565217391 0.11405295315682282 0.06521739130434782
0 0.40122199592668023 0.22078804347826086 0.12729124236252545 0.16983695652173914
0 0.5723014256619144 0.14945652173913043 0.1079429735234216 0.14673913043478262
0 0.8579429735234216 0.453125 0.09266802443991853 0.07201086956521739
0 0.774949083503055 0.16915760869565216 0.12830957230142567 0.17391304347826086
0 0.9857433808553971 0.38790760869565216 0.028513238289205704 0.1453804347826087
0 0.9607942973523421 0.02717391304347826 0.07637474541751528 0.05434782608695652
0 0.9195519348268839 0.043478260869565216 0.09775967413441955 0.08695652173913043
0 0.03818737270875764 0.5495923913043478 0.07637474541751528 0.12092391304347826
0 0.14052953156822812 0.6032608695652174 0.14765784114052954 0.19701086956521738
0 0.29226069246435843 0.8152173913043478 0.11608961303462322 0.15081521739130435
0 0.48727087576374745 0.9551630434782609 0.09877800407331976 0.08967391304347826
0 0.420061099796334 0.8043478260869565 0.08961303462321792 0.11956521739130435
0 0.47352342158859473 0.5502717391304348 0.09368635437881874 0.12228260869565218
0 0.9114052953156823 0.9660326086956522 0.09368635437881874 0.06793478260869565
0 0.6776985743380856 0.5631793478260869 0.09674134419551934 0.1453804347826087
0 0.9154786150712831 0.5217391304347826 0.14867617107942974 0.06521739130434782