0 0.04987046632124352 0.3961937716262976 0.09974093264248704 0.16608996539792387
0 0.17357512953367876 0.35034602076124566 0.11269430051813471 0.157439446366782
0 0.07772020725388601 0.2050173010380623 0.15544041450777202 0.24740484429065743
0 0.06347150259067358 0.04671280276816609 0.12694300518134716 0.09342560553633218
0 0.6075129533678757 0.29238754325259514 0.13860103626943004 0.14186851211072665
0 0.7292746113989638 0.10207612456747404 0.266839378238342 0.2041522491349481
0 0.7927461139896373 0.028546712802768166 0.15544041450777202 0.05709342560553633
0 0.9520725388601037 0.12716262975778547 0.09585492227979274 0.185121107266436
0 0.09909326424870467 0.9325259515570934 0.16968911917098445 0.13494809688581316
0 0.08549222797927461 0.754325259515571 0.17098445595854922 0.23875432525951557
0 0.10686528497409327 0.5657439446366782 0.1645077720207254 0.1522491349480969
0 0.3270725388601036 0.7698961937716263 0.09455958549222798 0.11937716262975778
0 0.8316062176165803 0.9705882352941176 0.16321243523316062 0.058823529411764705
0 0.6010362694300518 0.7897923875432526 0.10492227979274611 0.14013840830449828
0 0.935880829015544 0.6384083044982699 0.09326424870466321 0.1245674740484429