0 0.06180400890868597 0.11383928571428571 0.08685968819599109 0.0744047619047619
0 0.12694877505567928 0.17113095238095238 0.05790645879732739 0.07589285714285714
0 0.18262806236080179 0.23065476190476192 0.11358574610244988 0.12351190476190477
0 0.26948775055679286 0.32142857142857145 0.10022271714922049 0.12797619047619047
0 0.3914253897550111 0.09523809523809523 0.14365256124721604 0.16964285714285715
0 0.39420935412026725 0.27232142857142855 0.1492204899777283 0.22321428571428573
0 0.34799554565701557 0.4992559523809524 0.05679287305122494 0.07886904761904762
0 0.4242761692650334 0.4486607142857143 0.1492204899777283 0.1800595238095238
0 0.5968819599109132 0.22842261904761904 0.08574610244988864 0.11011904761904762
0 0.9565701559020044 0.5007440476190477 0.08685968819599109 0.07589285714285714
0 0.9398663697104677 0.24553571428571427 0.11915367483296214 0.14583333333333334
0 0.8140311804008908 0.023065476190476192 0.19821826280623608 0.046130952380952384
0 0.9910913140311804 0.09895833333333333 0.017817371937639197 0.12053571428571429
0 0.2951002227171492 0.9025297619047619 0.04899777282850779 0.16220238095238096
0 0.35467706013363026 0.7730654761904762 0.07015590200445435 0.09077380952380952
0 0.7238307349665924 0.6659226190476191 0.17817371937639198 0.19345238095238096
0 0.643652561247216 0.6183035714285714 0.24498886414253898 0.15922619047619047
0 0.9276169265033407 0.5922619047619048 0.08908685968819599 0.10714285714285714