0 0.4984536082474227 0.6016483516483516 0.09381443298969072 0.054945054945054944
0 0.43350515463917527 0.5164835164835165 0.088659793814433 0.11263736263736264
0 0.07938144329896907 0.29532967032967034 0.10103092783505155 0.12087912087912088
0 0.25103092783505154 0.2342032967032967 0.0979381443298969 0.1304945054945055
0 0.272680412371134 0.048763736263736264 0.12886597938144329 0.09752747252747253
0 0.422680412371134 0.019917582417582416 0.09484536082474226 0.03983516483516483
0 0.5438144329896907 0.3894230769230769 0.07010309278350516 0.10989010989010989
0 0.9402061855670103 0.49038461538461536 0.07525773195876288 0.09203296703296704
0 0.8948453608247423 0.43956043956043955 0.07216494845360824 0.1304945054945055
0 0.7876288659793814 0.3784340659340659 0.0577319587628866 0.07417582417582418
0 0.6484536082474227 0.2864010989010989 0.0577319587628866 0.18269230769230768
0 0.73659793814433 0.03021978021978022 0.13505154639175257 0.06043956043956044
0 0.7103092783505155 0.15934065934065933 0.11237113402061856 0.11401098901098901
0 0.9623711340206186 0.8083791208791209 0.07525773195876288 0.18269230769230768
0 0.9221649484536083 0.8502747252747253 0.0711340206185567 0.08241758241758242