0 0.023809523809523808 0.07044198895027624 0.047619047619047616 0.1408839779005525
0 0.14182194616977226 0.0393646408839779 0.14078674948240166 0.0787292817679558
0 0.229296066252588 0.1408839779005525 0.11283643892339544 0.1408839779005525
0 0.3804347826086957 0.14986187845303867 0.13871635610766045 0.17679558011049723
0 0.6081780538302277 0.15331491712707182 0.056935817805383024 0.13259668508287292
0 0.7075569358178054 0.04074585635359116 0.15631469979296067 0.08149171270718232
0 0.024327122153209108 0.7078729281767956 0.048654244306418216 0.15331491712707182
0 0.1915113871635611 0.5711325966850829 0.11490683229813664 0.14226519337016574
0 0.16407867494824016 0.38950276243093923 0.08695652173913043 0.1298342541436464
0 0.5496894409937888 0.8259668508287292 0.060041407867494824 0.1712707182320442
0 0.7070393374741201 0.6070441988950276 0.08074534161490683 0.11878453038674033
0 0.7510351966873706 0.7341160220994475 0.12732919254658384 0.1671270718232044
0 0.9083850931677019 0.4102209944751381 0.12422360248447205 0.15607734806629833
0 0.6164596273291926 0.40400552486187846 0.07349896480331262 0.13950276243093923