0 0.07359813084112149 0.048286604361370715 0.11214953271028037 0.09657320872274143
0 0.169392523364486 0.1394080996884735 0.07593457943925233 0.12305295950155763
0 0.1022196261682243 0.2554517133956386 0.16121495327102803 0.17289719626168223
0 0.04205607476635514 0.4353582554517134 0.08411214953271028 0.2881619937694704
0 0.37616822429906543 0.3559190031152648 0.08644859813084112 0.14485981308411214
0 0.6098130841121495 0.04750778816199377 0.09345794392523364 0.09501557632398754
0 0.6489485981308412 0.16433021806853582 0.06074766355140187 0.08566978193146417
0 0.6828271028037384 0.23909657320872274 0.10981308411214953 0.1043613707165109
0 0.740070093457944 0.3894080996884735 0.09929906542056074 0.11214953271028037
0 0.820677570093458 0.5584112149532711 0.1647196261682243 0.04205607476635514
0 0.9462616822429907 0.5179127725856698 0.09345794392523364 0.12305295950155763
0 0.3802570093457944 0.6954828660436138 0.07827102803738317 0.11370716510903427
0 0.34404205607476634 0.6012461059190031 0.10864485981308411 0.04361370716510903
0 0.6086448598130841 0.8068535825545171 0.1191588785046729 0.11214953271028037
0 0.6647196261682243 0.9665109034267912 0.23130841121495327 0.06697819314641744
0 0.977803738317757 0.9353582554517134 0.04439252336448598 0.1292834890965732