0 0.2631868131868132 0.03372434017595308 0.1087912087912088 0.06744868035190615
0 0.16263736263736264 0.16642228739002932 0.18021978021978022 0.27126099706744866
0 0.07967032967032966 0.23607038123167157 0.15384615384615385 0.19941348973607037
0 0.5510989010989011 0.060117302052785926 0.03626373626373627 0.12023460410557185
0 0.5401098901098901 0.3409090909090909 0.05824175824175824 0.1158357771260997
0 0.5153846153846153 0.32697947214076245 0.1076923076923077 0.1436950146627566
0 0.37857142857142856 0.36363636363636365 0.16373626373626374 0.07038123167155426
0 0.24945054945054945 0.3321114369501466 0.12747252747252746 0.13343108504398826
0 0.643956043956044 0.2697947214076246 0.14945054945054945 0.25806451612903225
0 0.6126373626373627 0.3563049853372434 0.08681318681318681 0.08504398826979472
0 0.987912087912088 0.3196480938416422 0.024175824175824177 0.12609970674486803
0 0.7412087912087912 0.156158357771261 0.1076923076923077 0.1627565982404692
0 0.24725274725274726 0.41275659824046923 0.0967032967032967 0.02785923753665689
0 0.1423076923076923 0.4310850439882698 0.1901098901098901 0.06451612903225806
0 0.3478021978021978 0.8958944281524927 0.13406593406593406 0.17302052785923755
0 0.22967032967032966 0.7316715542521994 0.12747252747252746 0.17302052785923755
0 0.939010989010989 0.4530791788856305 0.0912087912087912 0.10850439882697947
0 0.5879120879120879 0.6972140762463344 0.03736263736263736 0.15395894428152493
0 0.9565934065934066 0.8145161290322581 0.08681318681318681 0.14809384164222875
0 0.7461538461538462 0.9281524926686217 0.15604395604395604 0.1436950146627566