0 0.16477272727272727 0.29797979797979796 0.11742424242424243 0.10101010101010101
0 0.7626262626262627 0.2904040404040404 0.10858585858585859 0.11616161616161616
0 0.5505050505050505 0.11616161616161616 0.06313131313131314 0.21885521885521886
0 0.9734848484848485 0.17255892255892255 0.05303030303030303 0.16666666666666666
0 0.8832070707070707 0.09932659932659933 0.14015151515151514 0.17003367003367004
0 0.25757575757575757 0.9326599326599326 0.09722222222222222 0.12962962962962962
0 0.4861111111111111 0.4797979797979798 0.06565656565656566 0.15824915824915825
0 0.375 0.40404040404040403 0.11616161616161616 0.1111111111111111
0 0.25315656565656564 0.5824915824915825 0.1111111111111111 0.15824915824915825
0 0.039141414141414144 0.44612794612794615 0.07828282828282829 0.19528619528619529
0 0.7695707070707071 0.9082491582491582 0.0946969696969697 0.13131313131313133
0 0.7619949494949495 0.41414141414141414 0.125 0.13131313131313133
0 0.9640151515151515 0.5858585858585859 0.07196969696969698 0.3063973063973064