0 0.054906542056074766 0.02881619937694704 0.10981308411214953 0.05763239875389408
0 0.34813084112149534 0.06074766355140187 0.12149532710280374 0.12149532710280374
0 0.3574766355140187 0.47585669781931467 0.102803738317757 0.0264797507788162
0 0.27686915887850466 0.10903426791277258 0.1308411214953271 0.16510903426791276
0 0.054322429906542055 0.2842679127725857 0.10864485981308411 0.15109034267912771
0 0.5408878504672897 0.037383177570093455 0.15186915887850466 0.07476635514018691
0 0.5858644859813084 0.42601246105919005 0.13200934579439252 0.1261682242990654
0 0.7114485981308412 0.441588785046729 0.12149532710280374 0.09501557632398754
0 0.6337616822429907 0.30218068535825543 0.15537383177570094 0.2087227414330218
0 0.6910046728971962 0.11214953271028037 0.13901869158878505 0.19314641744548286
0 0.06133177570093458 0.6947040498442367 0.09345794392523364 0.12305295950155763
0 0.2523364485981308 0.6004672897196262 0.20327102803738317 0.22274143302180685
0 0.28738317757009346 0.5163551401869159 0.11214953271028037 0.05451713395638629
0 0.3352803738317757 0.9166666666666666 0.14719626168224298 0.16666666666666666
0 0.2739485981308411 0.7834890965732088 0.13434579439252337 0.19003115264797507
0 0.5595794392523364 0.5693146417445483 0.15186915887850466 0.16043613707165108
0 0.6045560747663551 0.9688473520249221 0.13200934579439252 0.06230529595015576
0 0.6524532710280374 0.8769470404984424 0.15537383177570094 0.2087227414330218
0 0.709696261682243 0.6869158878504673 0.13901869158878505 0.19314641744548286