0 0.06997971602434078 0.5905405405405405 0.13995943204868155 0.1972972972972973
0 0.3747464503042596 0.6662162162162162 0.11257606490872211 0.04594594594594595
0 0.4325557809330629 0.5932432432432433 0.10243407707910751 0.13918918918918918
0 0.3093306288032454 0.5851351351351352 0.17038539553752535 0.20810810810810812
0 0.4462474645030426 0.08108108108108109 0.11257606490872211 0.1554054054054054
0 0.20537525354969574 0.4743243243243243 0.15314401622718052 0.21216216216216216
0 0.19117647058823528 0.04932432432432433 0.08823529411764706 0.09864864864864865
0 0.8199797160243407 0.5864864864864865 0.0922920892494929 0.11621621621621622
0 0.6095334685598377 0.13378378378378378 0.10851926977687627 0.14189189189189189
0 0.9634888438133874 0.31351351351351353 0.07302231237322515 0.13513513513513514
0 0.859026369168357 0.07635135135135135 0.1460446247464503 0.1527027027027027
0 0.033468559837728194 0.9472972972972973 0.06693711967545639 0.10540540540540541
0 0.42038539553752535 0.9412162162162162 0.1592292089249493 0.11756756756756757
0 0.7550709939148073 0.9682432432432433 0.12880324543610547 0.06351351351351352
0 0.6602434077079108 0.7344594594594595 0.08316430020283976 0.09054054054054055
0 0.9579107505070994 0.7837837837837838 0.08417849898580122 0.1891891891891892