0 0.17135416666666667 0.22013888888888888 0.1125 0.1625
0 0.440625 0.26944444444444443 0.058333333333333334 0.11944444444444445
0 0.746875 0.31180555555555556 0.08958333333333333 0.034722222222222224
0 0.8927083333333333 0.23472222222222222 0.096875 0.11805555555555555
0 0.08541666666666667 0.9861111111111112 0.1125 0.027777777777777776
0 0.15885416666666666 0.9263888888888889 0.078125 0.11666666666666667
0 0.08020833333333334 0.8583333333333333 0.16041666666666668 0.2222222222222222
0 0.025520833333333333 0.7090277777777778 0.051041666666666666 0.2902777777777778
0 0.04114583333333333 0.36527777777777776 0.08229166666666667 0.07222222222222222
0 0.4515625 0.6673611111111111 0.036458333333333336 0.1597222222222222
0 0.3255208333333333 0.6729166666666667 0.11666666666666667 0.15
0 0.5583333333333333 0.9722222222222222 0.075 0.05555555555555555
0 0.6791666666666667 0.9277777777777778 0.08958333333333333 0.11388888888888889
0 0.6302083333333334 0.6263888888888889 0.08854166666666667 0.10555555555555556
0 0.5291666666666667 0.6576388888888889 0.11875 0.16805555555555557
0 0.6223958333333334 0.35138888888888886 0.115625 0.044444444444444446
0 0.9072916666666667 0.9076388888888889 0.14479166666666668 0.11944444444444445
0 0.8578125 0.73125 0.1 0.12916666666666668
0 0.8145833333333333 0.6097222222222223 0.10416666666666667 0.13055555555555556