0 0.2287784679089027 0.08908839779005524 0.11697722567287784 0.16022099447513813
0 0.15372670807453417 0.3031767955801105 0.12008281573498965 0.16022099447513813
0 0.2531055900621118 0.4606353591160221 0.13768115942028986 0.19613259668508287
0 0.3612836438923395 0.43715469613259667 0.09730848861283643 0.16160220994475138
0 0.6325051759834368 0.5269337016574586 0.13664596273291926 0.08425414364640885
0 0.782608695652174 0.33908839779005523 0.11801242236024845 0.16160220994475138
0 0.9089026915113871 0.4150552486187845 0.10248447204968944 0.1298342541436464
0 0.012939958592132506 0.6982044198895028 0.025879917184265012 0.13397790055248618
0 0.12681159420289856 0.6346685082872928 0.17701863354037267 0.13121546961325967
0 0.3250517598343685 0.949585635359116 0.10973084886128365 0.10082872928176796
0 0.2474120082815735 0.8984806629834254 0.14182194616977226 0.20303867403314918
0 0.19099378881987578 0.736878453038674 0.11697722567287784 0.1685082872928177
0 0.6444099378881988 0.731353591160221 0.16252587991718426 0.2058011049723757
0 0.8825051759834368 0.619475138121547 0.10869565217391304 0.10082872928176796
0 0.8095238095238095 0.9558011049723757 0.12215320910973085 0.08839779005524862