0 0.38474387527839643 0.5751488095238095 0.07238307349665925 0.06696428571428571
0 0.39532293986636974 0.5089285714285714 0.11692650334075724 0.13690476190476192
0 0.40757238307349664 0.3489583333333333 0.11024498886414254 0.13839285714285715
0 0.42037861915367486 0.10044642857142858 0.18596881959910913 0.20089285714285715
0 0.36469933184855235 0.03794642857142857 0.11247216035634744 0.07589285714285714
0 0.5133630289532294 0.1331845238095238 0.031180400890868598 0.1800595238095238
0 0.6007795100222717 0.5505952380952381 0.11024498886414254 0.11607142857142858
0 0.6475501113585747 0.05133928571428571 0.13028953229398663 0.10267857142857142
0 0.7583518930957683 0.21205357142857142 0.11804008908685969 0.15625
0 0.9148106904231625 0.16815476190476192 0.14142538975501115 0.20833333333333334
0 0.9732739420935412 0.36607142857142855 0.053452115812917596 0.15773809523809523
0 0.9576837416481069 0.04985119047619048 0.08463251670378619 0.09970238095238096
0 0.4916481069042316 0.7492559523809523 0.07461024498886415 0.19196428571428573
0 0.8830734966592427 0.9174107142857143 0.09910913140311804 0.13541666666666666