0 0.22537878787878787 0.5951178451178452 0.10732323232323232 0.08922558922558922
0 0.13825757575757575 0.6287878787878788 0.17045454545454544 0.021885521885521887
0 0.06755050505050506 0.46885521885521886 0.1148989898989899 0.18686868686868688
0 0.17613636363636365 0.40404040404040403 0.15025252525252525 0.23737373737373738
0 0.25063131313131315 0.2398989898989899 0.056818181818181816 0.19696969696969696
0 0.9204545454545454 0.6069023569023569 0.11616161616161616 0.06565656565656566
0 0.9665404040404041 0.4983164983164983 0.06691919191919192 0.24915824915824916
0 0.5435606060606061 0.2542087542087542 0.1111111111111111 0.14814814814814814
0 0.5921717171717171 0.5412457912457912 0.13257575757575757 0.1734006734006734
0 0.43876262626262624 0.6035353535353535 0.1452020202020202 0.0723905723905724
0 0.32512626262626265 0.5749158249158249 0.09217171717171717 0.12962962962962962
0 0.9728535353535354 0.2718855218855219 0.054292929292929296 0.2609427609427609