0 0.08191747572815535 0.21035598705501618 0.125 0.16181229773462782
0 0.08070388349514564 0.04449838187702265 0.16140776699029127 0.0889967637540453
0 0.2815533980582524 0.20711974110032363 0.13592233009708737 0.23300970873786409
0 0.4211165048543689 0.3616504854368932 0.10194174757281553 0.07605177993527508
0 0.9174757281553398 0.3454692556634304 0.1650485436893204 0.10841423948220065
0 0.7487864077669902 0.15129449838187703 0.13592233009708737 0.18446601941747573
0 0.5078883495145631 0.050970873786407765 0.20509708737864077 0.10194174757281553
0 0.27427184466019416 0.6326860841423948 0.14199029126213591 0.18770226537216828
0 0.13470873786407767 0.46116504854368934 0.14320388349514562 0.12297734627831715
0 0.4095873786407767 0.5970873786407767 0.12014563106796117 0.20388349514563106
0 0.6425970873786407 0.42718446601941745 0.12742718446601942 0.05501618122977346
0 0.9684466019417476 0.7330097087378641 0.06310679611650485 0.15210355987055016