0 0.21181262729124237 0.42934782608695654 0.07128309572301425 0.04076086956521739
0 0.354887983706721 0.36752717391304346 0.11710794297352342 0.1644021739130435
0 0.4495926680244399 0.38179347826086957 0.11710794297352342 0.1358695652173913
0 0.01883910386965377 0.19904891304347827 0.03767820773930754 0.11548913043478261
0 0.15122199592668026 0.027853260869565216 0.07230142566191446 0.05570652173913043
0 0.29786150712830956 0.046875 0.1334012219959267 0.09375
0 0.3711812627291242 0.18546195652173914 0.10285132382892057 0.09239130434782608
0 0.4994908350305499 0.041440217391304345 0.03971486761710794 0.08288043478260869
0 0.5488798370672098 0.37228260869565216 0.059063136456211814 0.15489130434782608
0 0.904786150712831 0.36141304347826086 0.10285132382892057 0.13722826086956522
0 0.5743380855397149 0.06725543478260869 0.09266802443991853 0.12771739130434784
0 0.3864562118126273 0.7758152173913043 0.09775967413441955 0.1331521739130435
0 0.34470468431771895 0.5441576086956522 0.08757637474541752 0.10869565217391304
0 0.48065173116089616 0.48097826086956524 0.07739307535641547 0.0625