0 0.776369168356998 0.22027027027027027 0.02535496957403651 0.15675675675675677
0 0.7200811359026369 0.2905405405405405 0.09026369168356999 0.10945945945945947
0 0.6602434077079108 0.19594594594594594 0.140973630831643 0.20945945945945946
0 0.5593306288032455 0.07702702702702703 0.22210953346855983 0.15405405405405406
0 0.2905679513184584 0.07702702702702703 0.12271805273833672 0.15405405405405406
0 0.5420892494929006 0.4810810810810811 0.11156186612576065 0.15135135135135136
0 0.04411764705882353 0.5378378378378378 0.08823529411764706 0.12432432432432433
0 0.8407707910750507 0.09527027027027027 0.10344827586206896 0.1635135135135135
0 0.7723123732251521 0.7837837837837838 0.033468559837728194 0.15135135135135136
0 0.7185598377281948 0.8695945945945946 0.0872210953346856 0.10540540540540541
0 0.665314401622718 0.7574324324324324 0.14908722109533468 0.21351351351351353
0 0.5745436105476673 0.6608108108108108 0.21602434077079108 0.12162162162162163
0 0.2854969574036511 0.6662162162162162 0.12474645030425964 0.13243243243243244
0 0.9614604462474645 0.9702702702702702 0.07707910750507099 0.05945945945945946
0 0.8377281947261663 0.8405405405405405 0.0973630831643002 0.20270270270270271