0 0.023834745762711863 0.3326271186440678 0.04766949152542373 0.14548022598870056
0 0.6673728813559322 0.3884180790960452 0.0826271186440678 0.08192090395480225
0 0.558792372881356 0.3022598870056497 0.09851694915254237 0.1271186440677966
0 0.6546610169491526 0.038135593220338986 0.09533898305084745 0.07627118644067797
0 0.7515889830508474 0.0847457627118644 0.13665254237288135 0.1694915254237288
0 0.3638771186440678 0.20056497175141244 0.08792372881355932 0.11581920903954802
0 0.4115466101694915 0.06426553672316385 0.10911016949152542 0.1285310734463277
0 0.18591101694915255 0.692090395480226 0.09533898305084745 0.13135593220338984
0 0.2076271186440678 0.8615819209039548 0.0847457627118644 0.10734463276836158
0 0.06091101694915254 0.9498587570621468 0.09004237288135593 0.10028248587570622
0 0.017478813559322032 0.4936440677966102 0.034957627118644065 0.1285310734463277
0 0.5953389830508474 0.9879943502824858 0.11864406779661017 0.02401129943502825
0 0.6827330508474576 0.7521186440677966 0.08686440677966102 0.11581920903954802
0 0.3675847457627119 0.78954802259887 0.09533898305084745 0.192090395480226
0 0.3538135593220339 0.6440677966101694 0.06779661016949153 0.14124293785310735
0 0.3850635593220339 0.4915254237288136 0.10063559322033898 0.12429378531073447
0 0.5439618644067796 0.5240112994350282 0.1048728813559322 0.134180790960452