0 0.7082405345211581 0.07142857142857142 0.062360801781737196 0.13392857142857142
0 0.660913140311804 0.15699404761904762 0.09465478841870824 0.12202380952380952
0 0.5963251670378619 0.1800595238095238 0.09910913140311804 0.12202380952380952
0 0.3195991091314031 0.40773809523809523 0.16481069042316257 0.1636904761904762
0 0.31737193763919824 0.23065476190476192 0.11804008908685969 0.16815476190476192
0 0.2076837416481069 0.10491071428571429 0.14365256124721604 0.20982142857142858
0 0.10300668151447662 0.08333333333333333 0.11469933184855234 0.16666666666666666
0 0.9788418708240535 0.16666666666666666 0.042316258351893093 0.18154761904761904
0 0.512249443207127 0.5476190476190477 0.12806236080178174 0.11160714285714286
0 0.6842984409799554 0.7715773809523809 0.10022271714922049 0.1324404761904762
0 0.3825167037861915 0.8191964285714286 0.08908685968819599 0.11904761904761904
0 0.10300668151447662 0.5230654761904762 0.10801781737193764 0.06696428571428571
0 0.04064587973273942 0.6383928571428571 0.08129175946547884 0.13988095238095238
0 0.15089086859688197 0.7976190476190477 0.10801781737193764 0.13690476190476192
0 0.9782850779510023 0.7150297619047619 0.043429844097995544 0.23958333333333334
0 0.9565701559020044 0.8883928571428571 0.08685968819599109 0.20238095238095238
0 0.8363028953229399 0.6391369047619048 0.08908685968819599 0.11607142857142858