0 0.4095849802371542 0.03618421052631579 0.020750988142292492 0.07236842105263158
0 0.20800395256916995 0.20723684210526316 0.10375494071146245 0.14868421052631578
0 0.05434782608695652 0.2138157894736842 0.10770750988142293 0.1368421052631579
0 0.25889328063241107 0.35855263157894735 0.08695652173913043 0.12236842105263158
0 0.7603754940711462 0.39013157894736844 0.12549407114624506 0.05921052631578947
0 0.8428853754940712 0.18289473684210528 0.10276679841897234 0.12236842105263158
0 0.9614624505928854 0.13289473684210526 0.07509881422924901 0.10263157894736842
0 0.019268774703557312 0.881578947368421 0.038537549407114624 0.12105263157894737
0 0.40464426877470355 0.5526315789473685 0.030632411067193676 0.11052631578947368
0 0.30138339920948615 0.5815789473684211 0.09189723320158102 0.11578947368421053
0 0.24110671936758893 0.8664473684210526 0.12648221343873517 0.16973684210526316
0 0.3468379446640316 0.9842105263157894 0.07905138339920949 0.031578947368421054
0 0.6793478260869565 0.5217105263157895 0.10770750988142293 0.1118421052631579
0 0.7055335968379447 0.7210526315789474 0.20553359683794467 0.19210526315789472
0 0.7124505928853755 0.8414473684210526 0.12055335968379446 0.16973684210526316
0 0.9698616600790514 0.718421052631579 0.06027667984189723 0.1868421052631579
0 0.8700592885375494 0.7986842105263158 0.08201581027667984 0.14210526315789473