0 0.037383177570093455 0.3395638629283489 0.07476635514018691 0.24610591900311526
0 0.026869158878504672 0.4688473520249221 0.053738317757009345 0.34579439252336447
0 0.34170560747663553 0.48909657320872274 0.07359813084112149 0.1292834890965732
0 0.5116822429906542 0.31230529595015577 0.13551401869158877 0.17445482866043613
0 0.4550233644859813 0.117601246105919 0.10747663551401869 0.1526479750778816
0 0.26635514018691586 0.21105919003115264 0.053738317757009345 0.16978193146417445
0 0.9579439252336449 0.4883177570093458 0.08411214953271028 0.2538940809968847
0 0.2546728971962617 0.045950155763239874 0.030373831775700934 0.09190031152647975
0 0.06542056074766354 0.7811526479750779 0.1308411214953271 0.16355140186915887
0 0.5531542056074766 0.9805295950155763 0.13434579439252337 0.03894080996884735
0 0.6290887850467289 0.9649532710280374 0.125 0.07009345794392523
0 0.5671728971962616 0.7367601246105919 0.09929906542056074 0.07476635514018691