0 0.16474654377880185 0.22384615384615383 0.1336405529953917 0.15384615384615385
0 0.16820276497695852 0.052307692307692305 0.2073732718894009 0.10461538461538461
0 0.4976958525345622 0.1576923076923077 0.02304147465437788 0.17692307692307693
0 0.4533410138248848 0.04 0.11175115207373272 0.08
0 0.14400921658986174 0.37 0.12211981566820276 0.1476923076923077
0 0.940668202764977 0.2746153846153846 0.11866359447004608 0.18615384615384614
0 0.7724654377880185 0.3130769230769231 0.1359447004608295 0.17692307692307693
0 0.9631336405529954 0.08538461538461538 0.07373271889400922 0.15538461538461537
0 0.6658986175115207 0.9415384615384615 0.12672811059907835 0.11692307692307692
0 0.7857142857142857 0.9053846153846153 0.16129032258064516 0.18923076923076923
0 0.5460829493087558 0.6061538461538462 0.07373271889400922 0.13230769230769232