0 0.2772511848341232 0.3647151898734177 0.07938388625592417 0.15664556962025317
0 0.11670616113744076 0.2824367088607595 0.12322274881516587 0.34335443037974683
0 0.0533175355450237 0.17800632911392406 0.1066350710900474 0.23259493670886075
0 0.9875592417061612 0.3995253164556962 0.024881516587677725 0.14715189873417722
0 0.4152843601895735 0.3125 0.031990521327014215 0.1281645569620253
0 0.7784360189573459 0.3370253164556962 0.1018957345971564 0.11392405063291139
0 0.7470379146919431 0.07674050632911393 0.08530805687203792 0.13132911392405064
0 0.4703791469194313 0.03243670886075949 0.14218009478672985 0.06487341772151899
0 0.9733412322274881 0.08544303797468354 0.0533175355450237 0.17088607594936708
0 0.3015402843601896 0.7808544303797469 0.08767772511848342 0.12183544303797468
0 0.2571090047393365 0.6408227848101266 0.0995260663507109 0.08227848101265822
0 0.18305687203791468 0.7982594936708861 0.12440758293838862 0.1661392405063291
0 0.9686018957345972 0.689873417721519 0.06279620853080568 0.14556962025316456
0 0.745260663507109 0.6392405063291139 0.11611374407582939 0.07911392405063292