0 0.20833333333333334 0.5270833333333333 0.08125 0.10416666666666667
0 0.325 0.36875 0.065625 0.08888888888888889
0 0.06197916666666667 0.24166666666666667 0.10416666666666667 0.09166666666666666
0 0.028645833333333332 0.06527777777777778 0.057291666666666664 0.13055555555555556
0 0.125 0.34652777777777777 0.09270833333333334 0.09305555555555556
0 0.96875 0.5576388888888889 0.0625 0.043055555555555555
0 0.7072916666666667 0.3611111111111111 0.21770833333333334 0.1111111111111111
0 0.646875 0.25625 0.134375 0.12361111111111112
0 0.7567708333333333 0.5388888888888889 0.09895833333333333 0.08055555555555556
0 0.3546875 0.5958333333333333 0.08854166666666667 0.03333333333333333
0 0.32083333333333336 0.7611111111111111 0.08645833333333333 0.1111111111111111
0 0.18385416666666668 0.8270833333333333 0.09270833333333334 0.1625
0 0.08489583333333334 0.7493055555555556 0.07708333333333334 0.11944444444444445
0 0.9734375 0.69375 0.053125 0.0875
0 0.7796875 0.9784722222222222 0.07395833333333333 0.043055555555555555
0 0.7583333333333333 0.9409722222222222 0.071875 0.09583333333333334
0 0.5619791666666667 0.6069444444444444 0.08854166666666667 0.05555555555555555
0 0.5598958333333334 0.8694444444444445 0.11875 0.12638888888888888