0 0.6291759465478842 0.13616071428571427 0.0801781737193764 0.18303571428571427
0 0.5373051224944321 0.18452380952380953 0.10022271714922049 0.13095238095238096
0 0.5100222717149221 0.08258928571428571 0.18262806236080179 0.16517857142857142
0 0.21158129175946547 0.47767857142857145 0.1403118040089087 0.10416666666666667
0 0.28619153674832964 0.2961309523809524 0.1358574610244989 0.18303571428571427
0 0.07071269487750557 0.48139880952380953 0.11692650334075724 0.09672619047619048
0 0.9560133630289532 0.49851190476190477 0.08797327394209355 0.0625
0 0.9253897550111359 0.3802083333333333 0.1492204899777283 0.20089285714285715
0 0.8446547884187082 0.25148809523809523 0.1358574610244989 0.17410714285714285
0 0.7383073496659243 0.11830357142857142 0.11915367483296214 0.15029761904761904
0 0.7071269487750557 0.39732142857142855 0.0757238307349666 0.125
0 0.6397550111358574 0.8497023809523809 0.05902004454342984 0.16964285714285715
0 0.5623608017817372 0.9122023809523809 0.11692650334075724 0.15625
0 0.5606904231625836 0.75 0.19599109131403117 0.2648809523809524
0 0.29175946547884185 0.9672619047619048 0.1358574610244989 0.06547619047619048
0 0.4821826280623608 0.6130952380952381 0.1870824053452116 0.16666666666666666
0 0.1603563474387528 0.5453869047619048 0.12472160356347439 0.03125
0 0.9615812917594655 0.9375 0.07683741648106904 0.125
0 0.8925389755011136 0.9419642857142857 0.11469933184855234 0.11607142857142858
0 0.7778396436525612 0.8630952380952381 0.11024498886414254 0.14583333333333334
0 0.8368596881959911 0.6510416666666666 0.11024498886414254 0.15029761904761904