0 0.3219246031746032 0.4933862433862434 0.09424603174603174 0.09259259259259259
0 0.1572420634920635 0.04497354497354497 0.07242063492063493 0.08994708994708994
0 0.4097222222222222 0.027777777777777776 0.03968253968253968 0.05555555555555555
0 0.7266865079365079 0.33664021164021163 0.09424603174603174 0.1402116402116402
0 0.7430555555555556 0.5145502645502645 0.08928571428571429 0.05026455026455026
0 0.9632936507936508 0.5224867724867724 0.07341269841269842 0.03439153439153439
0 0.9618055555555556 0.01521164021164021 0.0763888888888889 0.03042328042328042
0 0.23561507936507936 0.9556878306878307 0.0882936507936508 0.08862433862433862
0 0.41418650793650796 0.5628306878306878 0.04861111111111111 0.046296296296296294
0 0.5818452380952381 0.8525132275132276 0.0625 0.07936507936507936
0 0.6815476190476191 0.8134920634920635 0.08134920634920635 0.11375661375661375
0 0.564484126984127 0.7328042328042328 0.10615079365079365 0.14285714285714285
0 0.9444444444444444 0.6501322751322751 0.08928571428571429 0.11507936507936507