0 0.3924050632911392 0.22752808988764045 0.12025316455696203 0.1446629213483146
0 0.2542194092827004 0.3433988764044944 0.19725738396624473 0.23876404494382023
0 0.19883966244725737 0.44452247191011235 0.14662447257383968 0.199438202247191
0 0.08280590717299578 0.07794943820224719 0.14451476793248946 0.15589887640449437
0 0.13449367088607594 0.2205056179775281 0.11286919831223628 0.16432584269662923
0 0.4467299578059072 0.1776685393258427 0.026371308016877638 0.13623595505617977
0 0.9646624472573839 0.09901685393258428 0.07067510548523206 0.1446629213483146
0 0.8533755274261603 0.21629213483146068 0.19725738396624473 0.2401685393258427
0 0.7911392405063291 0.31179775280898875 0.14662447257383968 0.199438202247191
0 0.7162447257383966 0.09339887640449439 0.10654008438818566 0.15870786516853932
0 0.5005274261603375 0.1271067415730337 0.08122362869198312 0.19241573033707865
0 0.0580168776371308 0.7893258426966292 0.0759493670886076 0.10252808988764045
0 0.07964135021097046 0.6945224719101124 0.15928270042194093 0.22331460674157302
0 0.06592827004219409 0.5695224719101124 0.11708860759493671 0.04073033707865169
0 0.9140295358649789 0.952247191011236 0.1719409282700422 0.09550561797752809
0 0.49683544303797467 0.636938202247191 0.07383966244725738 0.11938202247191011
0 0.5733122362869199 0.7212078651685393 0.1371308016877637 0.18398876404494383