0 0.14128256513026052 0.13302139037433156 0.10521042084168336 0.10427807486631016
0 0.23196392785571143 0.2994652406417112 0.1713426853707415 0.1751336898395722
0 0.2625250501002004 0.41310160427807485 0.11523046092184369 0.16310160427807488
0 0.4774549098196393 0.11764705882352941 0.10521042084168336 0.18315508021390375
0 0.3847695390781563 0.25267379679144386 0.07615230460921844 0.14037433155080214
0 0.5480961923847696 0.3983957219251337 0.04208416833667335 0.1443850267379679
0 0.07565130260521043 0.053475935828877004 0.07515030060120241 0.08155080213903744
0 0.5475951903807615 0.06149732620320856 0.04308617234468938 0.11229946524064172
0 0.6307615230460922 0.0374331550802139 0.12324649298597194 0.0748663101604278
0 0.6377755511022044 0.15842245989304812 0.12324649298597194 0.15641711229946523
0 0.8151302605210421 0.017379679144385027 0.07114228456913828 0.034759358288770054
0 0.9003006012024048 0.49866310160427807 0.08316633266533066 0.040106951871657755
0 0.0405811623246493 0.9752673796791443 0.0811623246492986 0.04946524064171123
0 0.16482965931863727 0.5614973262032086 0.10320641282565131 0.0855614973262032
0 0.40080160320641284 0.5688502673796791 0.08216432865731463 0.10026737967914438
0 0.5806613226452906 0.6203208556149733 0.023046092184368736 0.08288770053475936
0 0.6618236472945892 0.6557486631016043 0.0841683366733467 0.11764705882352941
0 0.5851703406813628 0.7426470588235294 0.03206412825651302 0.1483957219251337
0 0.9203406813627254 0.9739304812834224 0.09719438877755511 0.05213903743315508
0 0.9318637274549099 0.8081550802139037 0.09218436873747494 0.12032085561497326