0 0.05088495575221239 0.12979351032448377 0.09623893805309734 0.13421828908554573
0 0.34236725663716816 0.45427728613569324 0.09402654867256637 0.05014749262536873
0 0.3456858407079646 0.27654867256637167 0.08738938053097345 0.13716814159292035
0 0.6460176991150443 0.045722713864306784 0.13716814159292035 0.09144542772861357
0 0.6039823008849557 0.25958702064896755 0.20243362831858408 0.34365781710914456
0 0.44192477876106195 0.3252212389380531 0.10508849557522124 0.22566371681415928
0 0.7837389380530974 0.46017699115044247 0.1161504424778761 0.038348082595870206
0 0.8971238938053098 0.025811209439528023 0.11946902654867257 0.051622418879056046
0 0.07356194690265487 0.637905604719764 0.14712389380530974 0.20501474926253688
0 0.23174778761061948 0.5848082595870207 0.08960176991150443 0.13126843657817108
0 0.2997787610619469 0.7957227138643068 0.09292035398230089 0.12389380530973451
0 0.2234513274336283 0.9284660766961652 0.11061946902654868 0.1430678466076696
0 0.4579646017699115 0.5250737463126843 0.10619469026548672 0.09144542772861357
0 0.8036504424778761 0.6991150442477876 0.2245575221238938 0.17846607669616518
0 0.8788716814159292 0.8082595870206489 0.12831858407079647 0.17699115044247787
0 0.7051991150442478 0.5331858407079646 0.11836283185840708 0.10766961651917405