0 0.3901869158878505 0.22118380062305296 0.16355140186915887 0.09657320872274143
0 0.9667056074766355 0.2398753894080997 0.06658878504672897 0.059190031152647975
0 0.8276869158878505 0.15109034267912771 0.15537383177570094 0.2367601246105919
0 0.7938084112149533 0.06697819314641744 0.08761682242990654 0.13395638629283488
0 0.5 0.6845794392523364 0.24649532710280375 0.2850467289719626
0 0.4147196261682243 0.5981308411214953 0.15537383177570094 0.2071651090342679
0 0.2897196261682243 0.793613707165109 0.11214953271028037 0.16043613707165108
0 0.6512850467289719 0.8037383177570093 0.1308411214953271 0.16199376947040497
0 0.029789719626168224 0.6269470404984424 0.05957943925233645 0.235202492211838
0 0.24824766355140188 0.9501557632398754 0.15537383177570094 0.09968847352024922
0 0.08235981308411215 0.7492211838006231 0.1647196261682243 0.26791277258566976
0 0.07535046728971963 0.9766355140186916 0.07827102803738317 0.04672897196261682
0 0.967873831775701 0.4735202492211838 0.06425233644859812 0.18691588785046728
0 0.9421728971962616 0.9003115264797508 0.09813084112149532 0.1059190031152648
0 0.8317757009345794 0.9345794392523364 0.1191588785046729 0.1308411214953271
0 0.8954439252336449 0.778816199376947 0.18457943925233644 0.2507788161993769
0 0.8598130841121495 0.5755451713395638 0.17757009345794392 0.2523364485981308