0 0.025953389830508475 0.03742937853107345 0.05190677966101695 0.0748587570621469
0 0.02754237288135593 0.1687853107344633 0.05508474576271186 0.1426553672316384
0 0.10858050847457627 0.07062146892655367 0.13877118644067796 0.14124293785310735
0 0.1721398305084746 0.6165254237288136 0.13241525423728814 0.1059322033898305
0 0.03336864406779661 0.5819209039548022 0.06673728813559322 0.15254237288135594
0 0.5725635593220338 0.05296610169491525 0.06673728813559322 0.1059322033898305
0 0.6096398305084746 0.1405367231638418 0.09110169491525423 0.11864406779661017
0 0.621292372881356 0.22033898305084745 0.10063559322033898 0.1483050847457627
0 0.6790254237288136 0.3594632768361582 0.0826271186440678 0.1115819209039548
0 0.7727754237288136 0.5642655367231638 0.17690677966101695 0.21045197740112995
0 0.8495762711864406 0.6080508474576272 0.09957627118644068 0.1228813559322034
0 0.635593220338983 0.6059322033898306 0.1292372881355932 0.1271186440677966
0 0.7261652542372882 0.025423728813559324 0.09004237288135593 0.05084745762711865
0 0.15148305084745764 0.9745762711864406 0.11440677966101695 0.05084745762711865
0 0.023834745762711863 0.807909604519774 0.04766949152542373 0.2711864406779661
0 0.652542372881356 0.8686440677966102 0.11758474576271187 0.11440677966101695
0 0.7039194915254238 0.8785310734463276 0.10063559322033898 0.13135593220338984
0 0.840572033898305 0.9477401129943502 0.15148305084745764 0.10451977401129943
0 0.954978813559322 0.9201977401129944 0.09004237288135593 0.1426553672316384