0 0.2342233009708738 0.025080906148867314 0.08009708737864078 0.05016181229773463
0 0.2421116504854369 0.08656957928802589 0.12742718446601942 0.15372168284789645
0 0.24635922330097088 0.2613268608414239 0.12257281553398058 0.1553398058252427
0 0.4641990291262136 0.23462783171521034 0.16868932038834952 0.3268608414239482
0 0.7682038834951457 0.4279935275080906 0.1262135922330097 0.06310679611650485
0 0.9696601941747572 0.05744336569579288 0.06067961165048544 0.11488673139158576
0 0.20752427184466019 0.5153721682847896 0.14320388349514562 0.11165048543689321
0 0.35558252427184467 0.5485436893203883 0.04854368932038835 0.1779935275080906
0 0.36711165048543687 0.7435275080906149 0.025485436893203883 0.1343042071197411
0 0.4429611650485437 0.5501618122977346 0.1262135922330097 0.18122977346278318
0 0.8452669902912622 0.8357605177993528 0.19053398058252427 0.23786407766990292