0 0.430327868852459 0.020491803278688523 0.09836065573770492 0.040983606557377046
0 0.2899590163934426 0.1489071038251366 0.1014344262295082 0.13114754098360656
0 0.11424180327868852 0.14275956284153005 0.22848360655737704 0.2773224043715847
0 0.3673155737704918 0.40437158469945356 0.12090163934426229 0.16393442622950818
0 0.4569672131147541 0.5730874316939891 0.045081967213114756 0.13797814207650272
0 0.4042008196721312 0.7015027322404371 0.09733606557377049 0.036885245901639344
0 0.8852459016393442 0.07855191256830601 0.10348360655737705 0.1325136612021858
0 0.7120901639344263 0.04644808743169399 0.11475409836065574 0.09289617486338798
0 0.7377049180327869 0.33879781420765026 0.09938524590163934 0.15437158469945356
0 0.6388319672131147 0.49453551912568305 0.17520491803278687 0.29098360655737704
0 0.5722336065573771 0.5949453551912568 0.1413934426229508 0.1830601092896175
0 0.9846311475409836 0.45901639344262296 0.030737704918032786 0.13934426229508196
0 0.9641393442622951 0.703551912568306 0.07172131147540983 0.03278688524590164
0 0.694672131147541 0.6967213114754098 0.11475409836065574 0.04644808743169399
0 0.36065573770491804 0.7752732240437158 0.10245901639344263 0.11065573770491803
0 0.5076844262295082 0.8326502732240437 0.05635245901639344 0.13797814207650272
0 0.8755122950819673 0.8381147540983607 0.12090163934426229 0.16393442622950818