0 0.04035874439461883 0.4655688622754491 0.08071748878923767 0.0688622754491018
0 0.288677130044843 0.3083832335329341 0.05829596412556054 0.26497005988023953
0 0.2741031390134529 0.13622754491017963 0.09417040358744394 0.1377245508982036
0 0.5269058295964125 0.04790419161676647 0.1031390134529148 0.09580838323353294
0 0.6827354260089686 0.41916167664670656 0.13228699551569506 0.16167664670658682
0 0.5498878923766816 0.36077844311377244 0.09192825112107623 0.15868263473053892
0 0.3721973094170404 0.1534431137724551 0.04484304932735426 0.1092814371257485
0 0.06614349775784753 0.7350299401197605 0.13228699551569506 0.218562874251497
0 0.22477578475336324 0.6639221556886228 0.2320627802690583 0.24550898203592814
0 0.2561659192825112 0.5172155688622755 0.18721973094170405 0.0344311377245509
0 0.4585201793721973 0.8360778443113772 0.06278026905829596 0.09730538922155689
0 0.437780269058296 0.9805389221556886 0.08183856502242152 0.038922155688622756
0 0.7051569506726457 0.9476047904191617 0.12780269058295965 0.10479041916167664