0 0.21807228915662652 0.017684887459807074 0.09156626506024096 0.03536977491961415
0 0.24457831325301205 0.13745980707395497 0.12650602409638553 0.16720257234726688
0 0.1180722891566265 0.0635048231511254 0.1493975903614458 0.1270096463022508
0 0.9542168674698795 0.03295819935691318 0.09156626506024096 0.06591639871382636
0 0.7819277108433735 0.03135048231511254 0.10602409638554217 0.06270096463022508
0 0.8518072289156626 0.33038585209003213 0.12891566265060242 0.1832797427652733
0 0.7662650602409639 0.41559485530546625 0.23373493975903614 0.08842443729903537
0 0.2710843373493976 0.9766881028938906 0.1614457831325301 0.04662379421221865
0 0.744578313253012 0.5289389067524116 0.14216867469879518 0.1382636655948553
0 0.8210843373493976 0.6945337620578779 0.11566265060240964 0.15916398713826366
0 0.6367469879518072 0.9421221864951769 0.1602409638554217 0.1157556270096463
0 0.9554216867469879 0.862540192926045 0.0891566265060241 0.18167202572347266