0 0.04469548133595285 0.21793193717277487 0.0893909626719057 0.22643979057591623
0 0.0825147347740668 0.26897905759162305 0.12082514734774066 0.1531413612565445
0 0.2175834970530452 0.5359947643979057 0.0618860510805501 0.04581151832460733
0 0.0343811394891945 0.060209424083769635 0.068762278978389 0.12041884816753927
0 0.5761296660117878 0.30170157068062825 0.14145383104125736 0.2591623036649215
0 0.6733791748526523 0.2912303664921466 0.12475442043222004 0.17670157068062828
0 0.7151277013752456 0.08049738219895287 0.0893909626719057 0.1099476439790576
0 0.43320235756385067 0.29712041884816753 0.09037328094302555 0.14267015706806283
0 0.8418467583497053 0.5287958115183246 0.07465618860510806 0.060209424083769635
0 0.9705304518664047 0.0549738219895288 0.05893909626719057 0.1099476439790576
0 0.887524557956778 0.05170157068062827 0.13654223968565815 0.10340314136125654
0 0.08398821218074656 0.7120418848167539 0.08349705304518663 0.12041884816753927
0 0.13113948919449903 0.7133507853403142 0.09135559921414538 0.11780104712041885
0 0.26178781925343814 0.5850785340314136 0.12475442043222004 0.05235602094240838
0 0.3973477406679764 0.9214659685863874 0.10903732809430255 0.14528795811518325
0 0.5609037328094303 0.930628272251309 0.12180746561886051 0.1387434554973822
0 0.6792730844793713 0.693717277486911 0.11591355599214145 0.15706806282722513
0 0.5029469548133595 0.8612565445026178 0.06483300589390963 0.08638743455497382