0 0.199244060475162 0.03890489913544669 0.11339092872570194 0.07780979827089338
0 0.31533477321814257 0.053314121037463975 0.1900647948164147 0.10662824207492795
0 0.15820734341252699 0.3645533141210375 0.13174946004319654 0.17723342939481268
0 0.044816414686825054 0.47046109510086453 0.08963282937365011 0.15706051873198848
0 0.4638228941684665 0.08429394812680115 0.21058315334773217 0.1685878962536023
0 0.5550755939524838 0.44812680115273773 0.08855291576673865 0.16138328530259366
0 0.82829373650108 0.21037463976945245 0.16630669546436286 0.22622478386167147
0 0.6252699784017278 0.06556195965417867 0.05183585313174946 0.13112391930835735
0 0.8968682505399568 0.5144092219020173 0.11555075593952484 0.069164265129683
0 0.6328293736501079 0.40057636887608067 0.06695464362850972 0.1729106628242075
0 0.09503239740820735 0.8112391930835735 0.16630669546436286 0.22622478386167147
0 0.9411447084233261 0.6642651296829971 0.11771058315334773 0.1873198847262248
0 0.8174946004319654 0.9128242074927954 0.13606911447084233 0.17435158501440923
0 0.656047516198704 0.9834293948126801 0.11339092872570194 0.03314121037463977