0 0.21419902912621358 0.42637540453074435 0.10436893203883495 0.17637540453074432
0 0.08191747572815535 0.2532362459546926 0.1638349514563107 0.28640776699029125
0 0.028519417475728157 0.18932038834951456 0.05703883495145631 0.20064724919093851
0 0.12924757281553398 0.038834951456310676 0.13228155339805825 0.07766990291262135
0 0.27851941747572817 0.4959546925566343 0.08131067961165049 0.04692556634304207
0 0.8361650485436893 0.3535598705501618 0.15776699029126215 0.1796116504854369
0 0.5746359223300971 0.2273462783171521 0.11529126213592233 0.13592233009708737
0 0.5770631067961165 0.016181229773462782 0.10072815533980582 0.032362459546925564
0 0.8786407766990292 0.07362459546925566 0.21844660194174756 0.14724919093851133
0 0.35012135922330095 0.982200647249191 0.10072815533980582 0.03559870550161812
0 0.2609223300970874 0.6084142394822006 0.08980582524271845 0.11974110032362459
0 0.5807038834951457 0.8851132686084142 0.08737864077669903 0.12135922330097088
0 0.8179611650485437 0.6076051779935275 0.1966019417475728 0.17637540453074432