0 0.3778026905829596 0.04491017964071856 0.1412556053811659 0.08982035928143713
0 0.28699551569506726 0.2252994011976048 0.2802690582959641 0.34880239520958084
0 0.04484304932735426 0.2694610778443114 0.08968609865470852 0.18862275449101795
0 0.9775784753363229 0.28892215568862273 0.04484304932735426 0.1497005988023952
0 0.9091928251121076 0.21631736526946108 0.11771300448430494 0.15568862275449102
0 0.9332959641255605 0.35179640718562877 0.13340807174887892 0.09580838323353294
0 0.617152466367713 0.07260479041916168 0.12219730941704036 0.14520958083832336
0 0.2438340807174888 0.4588323353293413 0.1491031390134529 0.11826347305389222
0 0.9792600896860987 0.5209580838323353 0.04147982062780269 0.15568862275449102
0 0.9551569506726457 0.6833832335329342 0.08968609865470852 0.26497005988023953
0 0.7516816143497758 0.43637724550898205 0.13565022421524664 0.07335329341317365
0 0.9119955156950673 0.8660179640718563 0.17600896860986548 0.2679640718562874
0 0.5969730941704036 0.9184131736526946 0.11547085201793722 0.1631736526946108