0 0.40602409638554215 0.33762057877813506 0.12771084337349398 0.17684887459807075
0 0.23674698795180724 0.23070739549839228 0.22289156626506024 0.28938906752411575
0 0.16987951807228915 0.12218649517684887 0.15903614457831325 0.21382636655948553
0 0.08855421686746988 0.5627009646302251 0.172289156626506 0.15434083601286175
0 0.13433734939759037 0.40353697749196143 0.13493975903614458 0.18810289389067525
0 0.9150602409638554 0.522508038585209 0.12530120481927712 0.16881028938906753
0 0.9325301204819277 0.3408360128617363 0.13493975903614458 0.2733118971061093
0 0.5108433734939759 0.32556270096463025 0.0819277108433735 0.18810289389067525
0 0.5891566265060241 0.5538585209003215 0.14216867469879518 0.1720257234726688
0 0.9090361445783133 0.13585209003215434 0.1819277108433735 0.25562700964630225
0 0.4566265060240964 0.8231511254019293 0.02650602409638554 0.10932475884244373
0 0.4126506024096386 0.8006430868167203 0.1144578313253012 0.1607717041800643
0 0.2963855421686747 0.7435691318327974 0.12289156626506025 0.15916398713826366
0 0.10361445783132531 0.707395498392283 0.20722891566265061 0.13504823151125403
0 0.043373493975903614 0.9517684887459807 0.08674698795180723 0.09646302250803858
0 0.06626506024096386 0.8279742765273312 0.13253012048192772 0.19614147909967847
0 0.8801204819277109 0.6647909967845659 0.13614457831325302 0.04983922829581994