0 0.3421658986175115 0.4930769230769231 0.0956221198156682 0.10615384615384615
0 0.25518433179723504 0.2530769230769231 0.15898617511520738 0.18769230769230769
0 0.2764976958525346 0.1346153846153846 0.08870967741935484 0.13230769230769232
0 0.026497695852534562 0.43846153846153846 0.052995391705069124 0.19384615384615383
0 0.13421658986175114 0.35307692307692307 0.08870967741935484 0.16153846153846155
0 0.6347926267281107 0.53 0.0956221198156682 0.10615384615384615
0 0.5547235023041475 0.29307692307692307 0.15898617511520738 0.18769230769230769
0 0.570852534562212 0.17 0.10368663594470046 0.14615384615384616
0 0.4475806451612903 0.36846153846153845 0.03571428571428571 0.16153846153846155
0 0.3565668202764977 0.9461538461538461 0.14631336405529954 0.1076923076923077
0 0.3784562211981567 0.8638461538461538 0.10253456221198157 0.14615384615384616
0 0.9544930875576036 0.9692307692307692 0.09101382488479262 0.06153846153846154
0 0.6578341013824884 0.6892307692307692 0.21774193548387097 0.13230769230769232
0 0.7073732718894009 0.8961538461538462 0.11175115207373272 0.09846153846153846