0 0.7239077669902912 0.46682847896440127 0.12742718446601942 0.06634304207119741
0 0.3106796116504854 0.3843042071197411 0.23058252427184467 0.2313915857605178
0 0.20388349514563106 0.42880258899676377 0.16990291262135923 0.1423948220064725
0 0.10922330097087378 0.23786407766990292 0.12378640776699029 0.1634304207119741
0 0.4890776699029126 0.34870550161812297 0.13592233009708737 0.18284789644012944
0 0.7518203883495146 0.2354368932038835 0.11529126213592233 0.156957928802589
0 0.1171116504854369 0.061488673139158574 0.13470873786407767 0.12297734627831715
0 0.7839805825242718 0.6059870550161812 0.050970873786407765 0.18608414239482202
0 0.7032766990291263 0.5679611650485437 0.12742718446601942 0.13592233009708737
0 0.720873786407767 0.738673139158576 0.17718446601941748 0.2605177993527508
0 0.254247572815534 0.6666666666666666 0.1104368932038835 0.14563106796116504
0 0.38895631067961167 0.5226537216828478 0.14441747572815533 0.045307443365695796
0 0.6638349514563107 0.9029126213592233 0.20631067961165048 0.1941747572815534
0 0.9745145631067961 0.7920711974110033 0.050970873786407765 0.18932038834951456
0 0.8319174757281553 0.6189320388349514 0.044902912621359224 0.14724919093851133