0 0.3294930875576037 0.4646153846153846 0.1313364055299539 0.03076923076923077
0 0.18087557603686635 0.41384615384615386 0.1175115207373272 0.13230769230769232
0 0.11578341013824885 0.023076923076923078 0.1347926267281106 0.046153846153846156
0 0.9182027649769585 0.4553846153846154 0.0967741935483871 0.04923076923076923
0 0.7741935483870968 0.07461538461538461 0.1313364055299539 0.14923076923076922
0 0.658410138248848 0.3476923076923077 0.11866359447004608 0.26461538461538464
0 0.6417050691244239 0.04384615384615385 0.08525345622119816 0.0876923076923077
0 0.5408986175115207 0.6176923076923077 0.11635944700460829 0.2753846153846154
0 0.20506912442396313 0.8246153846153846 0.11635944700460829 0.15538461538461537
0 0.5351382488479263 0.8323076923076923 0.12788018433179724 0.1723076923076923
0 0.10195852534562212 0.5561538461538461 0.1716589861751152 0.1523076923076923
0 0.17108294930875576 0.5092307692307693 0.0748847926267281 0.05846153846153846
0 0.8485023041474654 0.9807692307692307 0.09331797235023041 0.038461538461538464
0 0.755184331797235 0.8769230769230769 0.10944700460829493 0.14615384615384616
0 0.9170506912442397 0.6123076923076923 0.10483870967741936 0.14
0 0.9642857142857143 0.7123076923076923 0.07142857142857142 0.20615384615384616
0 0.6566820276497696 0.563076923076923 0.1152073732718894 0.16307692307692306
0 0.7413594470046083 0.5176923076923077 0.12557603686635946 0.07538461538461538