0 0.0425531914893617 0.20656028368794327 0.0851063829787234 0.17553191489361702
0 0.3716755319148936 0.5 0.17154255319148937 0.19858156028368795
0 0.17752659574468085 0.5203900709219859 0.11835106382978723 0.15780141843971632
0 0.5099734042553191 0.450354609929078 0.08111702127659574 0.1773049645390071
0 0.6642287234042553 0.23581560283687944 0.3098404255319149 0.3191489361702128
0 0.6170212765957447 0.01950354609929078 0.17287234042553193 0.03900709219858156
0 0.9481382978723404 0.3377659574468085 0.10372340425531915 0.16489361702127658
0 0.03789893617021277 0.6560283687943262 0.07579787234042554 0.11347517730496454
0 0.059175531914893616 0.7420212765957447 0.11835106382978723 0.2854609929078014
0 0.4488031914893617 0.9131205673758865 0.041223404255319146 0.15602836879432624
0 0.488031914893617 0.6391843971631206 0.03723404255319149 0.0797872340425532
0 0.5299202127659575 0.9335106382978723 0.08643617021276596 0.13297872340425532
0 0.9089095744680851 0.9689716312056738 0.18218085106382978 0.06205673758865248