0 0.0548155737704918 0.3005464480874317 0.1096311475409836 0.1366120218579235
0 0.05891393442622951 0.22404371584699453 0.11782786885245902 0.24316939890710382
0 0.0466188524590164 0.0471311475409836 0.0932377049180328 0.0942622950819672
0 0.3242827868852459 0.014344262295081968 0.08709016393442623 0.028688524590163935
0 0.42469262295081966 0.15846994535519127 0.050204918032786885 0.1721311475409836
0 0.9462090163934426 0.2691256830601093 0.10758196721311475 0.1448087431693989
0 0.27049180327868855 0.4023224043715847 0.09221311475409837 0.06693989071038252
0 0.07684426229508197 0.8510928961748634 0.10758196721311475 0.1407103825136612
0 0.41956967213114754 0.6420765027322405 0.060450819672131145 0.13387978142076504
0 0.33094262295081966 0.9077868852459017 0.14549180327868852 0.18442622950819673
0 0.5599385245901639 0.39207650273224043 0.14651639344262296 0.04644808743169399
0 0.5 0.4521857923497268 0.10040983606557377 0.16666666666666666
0 0.6214139344262295 0.5990437158469946 0.08401639344262295 0.10792349726775956
0 0.8278688524590164 0.9173497267759563 0.11475409836065574 0.1448087431693989
0 0.9072745901639344 0.601775956284153 0.18545081967213115 0.24726775956284153
0 0.9789959016393442 0.7185792349726776 0.042008196721311473 0.13114754098360656
0 0.9564549180327869 0.9036885245901639 0.08709016393442623 0.11748633879781421