0 0.40260545905707196 0.10430463576158941 0.12655086848635236 0.11920529801324503
0 0.45905707196029777 0.3394039735099338 0.20099255583126552 0.19536423841059603
0 0.4807692307692308 0.49337748344370863 0.13523573200992556 0.19370860927152317
0 0.34987593052109184 0.014072847682119206 0.08933002481389578 0.028145695364238412
0 0.7028535980148883 0.16142384105960264 0.0880893300248139 0.12582781456953643
0 0.6191066997518611 0.020695364238410598 0.08436724565756824 0.041390728476821195
0 0.9745657568238213 0.2582781456953642 0.05086848635235732 0.15562913907284767
0 0.9094292803970223 0.5529801324503312 0.1588089330024814 0.152317880794702
0 0.22022332506203474 0.8642384105960265 0.18238213399503722 0.17218543046357615
0 0.1662531017369727 0.7400662251655629 0.2630272952853598 0.1672185430463576
0 0.456575682382134 0.9039735099337748 0.08312655086848635 0.13410596026490065
0 0.739454094292804 0.6738410596026491 0.08188585607940446 0.08940397350993377
0 0.9596774193548387 0.8211920529801324 0.08064516129032258 0.12251655629139073