0 0.036546610169491525 0.3382768361581921 0.07309322033898305 0.1652542372881356
0 0.15148305084745764 0.4343220338983051 0.15254237288135594 0.2033898305084746
0 0.8622881355932204 0.3227401129943503 0.1239406779661017 0.1652542372881356
0 0.7161016949152542 0.17584745762711865 0.1260593220338983 0.16807909604519775
0 0.5858050847457628 0.2824858757062147 0.13347457627118645 0.1977401129943503
0 0.5873940677966102 0.423728813559322 0.09427966101694915 0.12429378531073447
0 0.10540254237288135 0.730225988700565 0.09639830508474577 0.1285310734463277
0 0.8432203389830508 0.6998587570621468 0.125 0.16666666666666666
0 0.7611228813559322 0.8538135593220338 0.1038135593220339 0.1384180790960452
0 0.579978813559322 0.6807909604519774 0.12182203389830508 0.2033898305084746
0 0.5513771186440678 0.8806497175141242 0.0646186440677966 0.1652542372881356
0 0.6096398305084746 0.9484463276836158 0.12182203389830508 0.10310734463276836