0 0.0175054704595186 0.36443148688046645 0.0350109409190372 0.11078717201166181
0 0.13347921225382933 0.35932944606413997 0.15098468271334792 0.12099125364431487
0 0.5098468271334792 0.2259475218658892 0.08096280087527352 0.1282798833819242
0 0.5607221006564551 0.09839650145772595 0.1389496717724289 0.18221574344023322
0 0.7035010940919038 0.39577259475218657 0.13566739606126915 0.048104956268221574
0 0.025711159737417943 0.760932944606414 0.05142231947483589 0.16326530612244897
0 0.41466083150984684 0.6873177842565598 0.10831509846827134 0.13848396501457727
0 0.9261487964989059 0.5481049562682215 0.14770240700218817 0.22448979591836735
0 0.6564551422319475 0.4905247813411079 0.12691466083150985 0.141399416909621
0 0.4972647702407002 0.7186588921282799 0.05579868708971553 0.15160349854227406
0 0.6487964989059081 0.7922740524781341 0.10722100656455143 0.15160349854227406
0 0.7489059080962801 0.8170553935860059 0.12253829321663019 0.16472303206997085