0 0.39034090909090907 0.353030303030303 0.15795454545454546 0.2878787878787879
0 0.3875 0.4553030303030303 0.1590909090909091 0.14696969696969697
0 0.43920454545454546 0.1318181818181818 0.060227272727272727 0.1696969696969697
0 0.6107954545454546 0.16590909090909092 0.1159090909090909 0.15454545454545454
0 0.7085227272727272 0.38333333333333336 0.11363636363636363 0.15151515151515152
0 0.9034090909090909 0.1643939393939394 0.16136363636363638 0.21515151515151515
0 0.9659090909090909 0.2340909090909091 0.06818181818181818 0.1893939393939394
0 0.9431818181818182 0.36363636363636365 0.11363636363636363 0.16666666666666666
0 0.8681818181818182 0.46515151515151515 0.1318181818181818 0.12727272727272726
0 0.09375 0.6530303030303031 0.1875 0.24848484848484848
0 0.05454545454545454 0.7492424242424243 0.10909090909090909 0.2196969696969697
0 0.4505681818181818 0.6840909090909091 0.0375 0.12878787878787878
0 0.36420454545454545 0.8325757575757575 0.16704545454545455 0.22424242424242424
0 0.21136363636363636 0.8068181818181818 0.125 0.16818181818181818
0 0.94375 0.7045454545454546 0.1125 0.20303030303030303