0 0.27525252525252525 0.30976430976430974 0.08838383838383838 0.24242424242424243
0 0.6988636363636364 0.43686868686868685 0.13257575757575757 0.14309764309764308
0 0.5486111111111112 0.46885521885521886 0.17045454545454544 0.07912457912457913
0 0.7569444444444444 0.04292929292929293 0.14015151515151514 0.08585858585858586
0 0.4065656565656566 0.43097643097643096 0.12121212121212122 0.15488215488215487
0 0.29797979797979796 0.9427609427609428 0.04292929292929293 0.11447811447811448
0 0.20517676767676768 0.9015151515151515 0.22853535353535354 0.19696969696969696
0 0.07891414141414141 0.8653198653198653 0.15782828282828282 0.26936026936026936
0 0.3333333333333333 0.6902356902356902 0.027777777777777776 0.1447811447811448
0 0.5738636363636364 0.553030303030303 0.1856060606060606 0.08922558922558922
0 0.7992424242424242 0.6784511784511784 0.14267676767676768 0.1919191919191919
0 0.9368686868686869 0.9175084175084175 0.12626262626262627 0.16498316498316498
0 0.9387626262626263 0.6405723905723906 0.08585858585858586 0.1111111111111111