0 0.3245341614906832 0.585635359116022 0.06521739130434782 0.08839779005524862
0 0.27380952380952384 0.5476519337016574 0.10766045548654245 0.12154696132596685
0 0.18167701863354038 0.46408839779005523 0.10144927536231885 0.12430939226519337
0 0.05848861283643892 0.3169889502762431 0.11697722567287784 0.21408839779005526
0 0.035196687370600416 0.21339779005524862 0.07039337474120083 0.14226519337016574
0 0.015010351966873706 0.47720994475138123 0.030020703933747412 0.1643646408839779
0 0.9560041407867494 0.47099447513812154 0.08799171842650104 0.12154696132596685
0 0.8783643892339544 0.3867403314917127 0.10144927536231885 0.12430939226519337
0 0.7417184265010351 0.24102209944751382 0.16977225672877846 0.21408839779005526
0 0.717391304347826 0.13328729281767956 0.11594202898550725 0.15883977900552487
0 0.494824016563147 0.5669889502762431 0.09937888198757763 0.12569060773480664
0 0.5822981366459627 0.5207182320441989 0.13043478260869565 0.19889502762430938
0 0.6589026915113871 0.3743093922651934 0.10766045548654245 0.1643646408839779
0 0.2422360248447205 0.6740331491712708 0.10973084886128365 0.08839779005524862
0 0.18322981366459629 0.8577348066298343 0.09006211180124224 0.12016574585635359
0 0.12422360248447205 0.7748618784530387 0.09730848861283643 0.13121546961325967
0 0.9440993788819876 0.6705801104972375 0.11180124223602485 0.08149171270718232
0 0.6889233954451346 0.7472375690607734 0.10248447204968944 0.13812154696132597
0 0.5020703933747412 0.914364640883978 0.13871635610766045 0.1712707182320442