0 0.04006085192697769 0.1810810810810811 0.08012170385395538 0.11081081081081082
0 0.028904665314401622 0.3452702702702703 0.057809330628803245 0.02837837837837838
0 0.5973630831643002 0.2716216216216216 0.11561866125760649 0.17567567567567569
0 0.019269776876267748 0.6033783783783784 0.038539553752535496 0.11216216216216217
0 0.05425963488843814 0.4574324324324324 0.10851926977687627 0.17972972972972973
0 0.17342799188640973 0.8736486486486487 0.0973630831643002 0.12972972972972974
0 0.16227180527383367 0.4 0.15821501014198783 0.08108108108108109
0 0.550709939148073 0.5777027027027027 0.11561866125760649 0.1864864864864865
0 0.7799188640973631 0.720945945945946 0.08924949290060852 0.11621621621621622
0 0.4406693711967546 0.9486486486486486 0.061866125760649086 0.10270270270270271
0 0.5167342799188641 0.9094594594594595 0.0973630831643002 0.13243243243243244
0 0.8362068965517241 0.9493243243243243 0.09634888438133875 0.10135135135135136
0 0.9102434077079108 0.9087837837837838 0.07809330628803246 0.10540540540540541