0 0.38303341902313626 0.2071917808219178 0.13753213367609254 0.19006849315068494
0 0.9267352185089974 0.4511986301369863 0.09125964010282776 0.1232876712328767
0 0.7011568123393316 0.3835616438356164 0.1928020565552699 0.2722602739726027
0 0.615681233933162 0.4503424657534247 0.11053984575835475 0.14554794520547945
0 0.8059125964010283 0.039383561643835614 0.17737789203084833 0.07876712328767123
0 0.7840616966580977 0.18664383561643835 0.14910025706940874 0.1643835616438356
0 0.36632390745501286 0.6626712328767124 0.09125964010282776 0.12157534246575342
0 0.037275064267352186 0.5847602739726028 0.07455012853470437 0.04965753424657534
0 0.06555269922879177 0.7063356164383562 0.13110539845758354 0.20034246575342465
0 0.9845758354755784 0.8938356164383562 0.030848329048843187 0.2054794520547945
0 0.7345758354755784 0.9460616438356164 0.09640102827763496 0.10787671232876712
0 0.5719794344473008 0.6746575342465754 0.10539845758354756 0.15753424657534246