0 0.4051312649164678 0.08917197452229299 0.16825775656324582 0.17834394904458598
0 0.7386634844868735 0.054140127388535034 0.13842482100238662 0.10828025477707007
0 0.9695704057279236 0.07563694267515923 0.060859188544152745 0.1035031847133758
0 0.12052505966587113 0.43471337579617836 0.10739856801909307 0.15605095541401273
0 0.17720763723150357 0.6990445859872612 0.10620525059665871 0.13694267515923567
0 0.34307875894988066 0.7285031847133758 0.11694510739856802 0.19745222929936307
0 0.38007159904534604 0.9426751592356688 0.08949880668257756 0.11464968152866242
0 0.4403341288782816 0.6058917197452229 0.09665871121718377 0.1464968152866242
0 0.5692124105011933 0.4323248407643312 0.15990453460620524 0.1735668789808917
0 0.5602625298329356 0.5421974522292994 0.14200477326968974 0.1767515923566879
0 0.5119331742243437 0.7762738853503185 0.045346062052505964 0.11305732484076433
0 0.7702863961813843 0.9705414012738853 0.08233890214797136 0.0589171974522293
0 0.7911694510739857 0.37977707006369427 0.08472553699284009 0.1337579617834395
0 0.9588305489260143 0.8726114649681529 0.08233890214797136 0.1592356687898089
0 0.9415274463007159 0.5095541401273885 0.10501193317422435 0.1942675159235669