0 0.18802083333333333 0.06944444444444445 0.12604166666666666 0.1388888888888889
0 0.3145833333333333 0.15763888888888888 0.07083333333333333 0.16527777777777777
0 0.3109375 0.3375 0.078125 0.1361111111111111
0 0.7682291666666666 0.2388888888888889 0.12083333333333333 0.1625
0 0.9057291666666667 0.08541666666666667 0.12395833333333334 0.16527777777777777
0 0.2625 0.5284722222222222 0.12395833333333334 0.16666666666666666
0 0.3223958333333333 0.6215277777777778 0.05520833333333333 0.12916666666666668
0 0.22135416666666666 0.7777777777777778 0.121875 0.16527777777777777
0 0.14947916666666666 0.6798611111111111 0.15104166666666666 0.20277777777777778
0 0.0453125 0.6270833333333333 0.090625 0.16805555555555557
0 0.3255208333333333 0.8604166666666667 0.04895833333333333 0.08194444444444444
0 0.08489583333333334 0.9854166666666667 0.115625 0.029166666666666667
0 0.8625 0.6125 0.09479166666666666 0.125
0 0.7796875 0.5256944444444445 0.13958333333333334 0.18611111111111112
0 0.7489583333333333 0.9104166666666667 0.13333333333333333 0.17916666666666667
0 0.9838541666666667 0.73125 0.03229166666666667 0.15138888888888888