0 0.16943127962085308 0.0379746835443038 0.18246445497630331 0.0759493670886076
0 0.129739336492891 0.19462025316455697 0.2109004739336493 0.33069620253164556
0 0.02665876777251185 0.2776898734177215 0.0533175355450237 0.3212025316455696
0 0.3755924170616114 0.4375 0.12796208530805686 0.06487341772151899
0 0.4531990521327014 0.1115506329113924 0.027251184834123223 0.1281645569620253
0 0.48992890995260663 0.20015822784810128 0.061611374407582936 0.07911392405063292
0 0.5479857819905213 0.2650316455696203 0.12085308056872038 0.12974683544303797
0 0.6433649289099526 0.3639240506329114 0.11255924170616113 0.13449367088607594
0 0.7802132701421801 0.4438291139240506 0.19549763033175355 0.05221518987341772
0 0.9401658767772512 0.05775316455696203 0.11492890995260663 0.11550632911392406
0 0.9739336492890995 0.02610759493670886 0.052132701421800945 0.05221518987341772
0 0.9614928909952607 0.252373417721519 0.07701421800947868 0.2231012658227848
0 0.8927725118483413 0.3916139240506329 0.11492890995260663 0.15664556962025317
0 0.26421800947867297 0.8481012658227848 0.24289099526066352 0.21360759493670886
0 0.3524881516587678 0.9272151898734177 0.1457345971563981 0.14556962025316456
0 0.1481042654028436 0.6748417721518988 0.13033175355450238 0.14240506329113925
0 0.7417061611374408 0.6606012658227848 0.1018957345971564 0.1518987341772152
0 0.9389810426540285 0.6471518987341772 0.11018957345971564 0.13449367088607594