0 0.1892292490118577 0.4026315789473684 0.09980237154150198 0.09473684210526316
0 0.2900197628458498 0.4230263157894737 0.1492094861660079 0.05394736842105263
0 0.21393280632411066 0.07302631578947369 0.11166007905138339 0.14605263157894738
0 0.42539525691699603 0.41776315789473684 0.16897233201581027 0.06447368421052632
0 0.6037549407114624 0.12828947368421054 0.0691699604743083 0.2565789473684211
0 0.6235177865612648 0.056578947368421055 0.10869565217391304 0.11315789473684211
0 0.8720355731225297 0.030921052631578946 0.07806324110671936 0.06184210526315789
0 0.9377470355731226 0.11381578947368422 0.03260869565217391 0.06578947368421052
0 0.053853754940711464 0.6888157894736842 0.10770750988142293 0.20394736842105263
0 0.9723320158102767 0.9 0.05533596837944664 0.2
0 0.7712450592885376 0.95 0.11561264822134387 0.1
0 0.6121541501976284 0.7717105263157895 0.07213438735177866 0.14605263157894738
0 0.7564229249011858 0.6934210526315789 0.09881422924901186 0.13815789473684212
0 0.8458498023715415 0.6671052631578948 0.11264822134387352 0.1513157894736842