0 0.05069124423963134 0.2953846153846154 0.10138248847926268 0.18461538461538463
0 0.14861751152073732 0.2246153846153846 0.10599078341013825 0.13076923076923078
0 0.2033410138248848 0.34923076923076923 0.1693548387096774 0.24461538461538462
0 0.29435483870967744 0.47615384615384615 0.2569124423963134 0.1676923076923077
0 0.5852534562211982 0.5007692307692307 0.08755760368663594 0.11846153846153847
0 0.3773041474654378 0.06307692307692307 0.13248847926267282 0.12615384615384614
0 0.679147465437788 0.052307692307692305 0.10023041474654378 0.10461538461538461
0 0.9349078341013825 0.12230769230769231 0.13018433179723501 0.19230769230769232
0 0.018433179723502304 0.9407692307692308 0.03686635944700461 0.11846153846153847
0 0.08122119815668202 0.9569230769230769 0.06221198156682028 0.08461538461538462
0 0.15149769585253456 0.93 0.10714285714285714 0.14
0 0.271889400921659 0.9276923076923077 0.10829493087557604 0.14461538461538462
0 0.46601382488479265 0.9007692307692308 0.18548387096774194 0.19846153846153847
0 0.543778801843318 0.9561538461538461 0.1359447004608295 0.0876923076923077
0 0.46774193548387094 0.7384615384615385 0.13940092165898618 0.1676923076923077
0 0.8784562211981567 0.8992307692307693 0.16474654377880185 0.20153846153846153
0 0.679147465437788 0.6569230769230769 0.10023041474654378 0.18461538461538463
0 0.9210829493087558 0.5961538461538461 0.10714285714285714 0.07230769230769231