0 0.628707627118644 0.11864406779661017 0.0625 0.1440677966101695
0 0.3278601694915254 0.057203389830508475 0.1239406779661017 0.11440677966101695
0 0.2669491525423729 0.221045197740113 0.15254237288135594 0.2033898305084746
0 0.021716101694915255 0.4533898305084746 0.04343220338983051 0.06497175141242938
0 0.9518008474576272 0.07980225988700565 0.09639830508474577 0.1596045197740113
0 0.725635593220339 0.1094632768361582 0.11334745762711865 0.15112994350282485
0 0.611228813559322 0.5918079096045198 0.09745762711864407 0.06497175141242938
0 0.4496822033898305 0.7358757062146892 0.10805084745762712 0.1440677966101695
0 0.2976694915254237 0.6221751412429378 0.1059322033898305 0.12570621468926554
0 0.08739406779661017 0.8149717514124294 0.15889830508474576 0.211864406779661
0 0.8951271186440678 0.6391242937853108 0.11864406779661017 0.15819209039548024