0 0.16888297872340424 0.08865248226950355 0.0797872340425532 0.1595744680851064
0 0.9222074468085106 0.5585106382978723 0.13696808510638298 0.1595744680851064
0 0.8590425531914894 0.38120567375886527 0.10372340425531915 0.11702127659574468
0 0.75 0.4769503546099291 0.18882978723404256 0.2854609929078014
0 0.5658244680851063 0.5345744680851063 0.24069148936170212 0.2074468085106383
0 0.29986702127659576 0.24556737588652483 0.047872340425531915 0.15425531914893617
0 0.7360372340425532 0.03102836879432624 0.12898936170212766 0.06205673758865248
0 0.06715425531914894 0.9432624113475178 0.11303191489361702 0.11347517730496454
0 0.9128989361702128 0.950354609929078 0.11835106382978723 0.09929078014184398
0 0.23337765957446807 0.8475177304964538 0.03723404255319149 0.1347517730496454
0 0.6382978723404256 0.8980496453900709 0.11835106382978723 0.1347517730496454
0 0.6136968085106383 0.6586879432624113 0.09973404255319149 0.040780141843971635
0 0.9175531914893617 0.6861702127659575 0.16489361702127658 0.09574468085106383