0 0.31666666666666665 0.28541666666666665 0.13854166666666667 0.1625
0 0.8677083333333333 0.03958333333333333 0.10208333333333333 0.07916666666666666
0 0.5463541666666667 0.19652777777777777 0.10104166666666667 0.12222222222222222
0 0.6458333333333334 0.3451388888888889 0.08958333333333333 0.04861111111111111
0 0.8958333333333334 0.29930555555555555 0.14791666666666667 0.14027777777777778
0 0.2125 0.8020833333333334 0.03333333333333333 0.10972222222222222
0 0.19166666666666668 0.7854166666666667 0.075 0.1125
0 0.10833333333333334 0.41944444444444445 0.09375 0.1
0 0.34375 0.7701388888888889 0.13854166666666667 0.1625
0 0.8953125 0.49722222222222223 0.10208333333333333 0.13472222222222222
0 0.5734375 0.68125 0.10104166666666667 0.12222222222222222
0 0.6734375 0.8708333333333333 0.08958333333333333 0.13055555555555556
0 0.9229166666666667 0.8041666666666667 0.14791666666666667 0.18055555555555555
0 0.4354166666666667 0.9583333333333334 0.18958333333333333 0.08333333333333333