0 0.09473094170403587 0.29191616766467066 0.18946188340807174 0.2994011976047904
0 0.13228699551569506 0.1624251497005988 0.15246636771300448 0.20808383233532934
0 0.024103139013452915 0.030688622754491017 0.04820627802690583 0.061377245508982034
0 0.034753363228699555 0.4663173652694611 0.06950672645739911 0.14520958083832336
0 0.7303811659192825 0.48502994011976047 0.2522421524663677 0.10778443113772455
0 0.8503363228699552 0.2252994011976048 0.14573991031390135 0.19461077844311378
0 0.4170403587443946 0.3091317365269461 0.13340807174887892 0.17964071856287425
0 0.288677130044843 0.9191616766467066 0.10201793721973094 0.16167664670658682
0 0.3032511210762332 0.7604790419161677 0.07286995515695067 0.1347305389221557
0 0.5734304932735426 0.9633233532934131 0.0930493273542601 0.07335329341317365
0 0.9176008968609866 0.6167664670658682 0.0773542600896861 0.11676646706586827
0 0.4781390134529148 0.5853293413173652 0.12443946188340807 0.09281437125748503
0 0.3660313901345291 0.8083832335329342 0.052690582959641255 0.2904191616766467