0 0.493114406779661 0.2796610169491525 0.1408898305084746 0.18785310734463276
0 0.08527542372881355 0.21257062146892655 0.1292372881355932 0.17372881355932204
0 0.019067796610169493 0.5148305084745762 0.038135593220338986 0.14548022598870056
0 0.9661016949152542 0.06850282485875706 0.06779661016949153 0.1370056497175141
0 0.9470338983050848 0.4124293785310734 0.10063559322033898 0.1327683615819209
0 0.920021186440678 0.2443502824858757 0.0836864406779661 0.11440677966101695
0 0.756885593220339 0.2266949152542373 0.09110169491525423 0.1228813559322034
0 0.6864406779661016 0.4096045197740113 0.18114406779661016 0.24858757062146894
0 0.607521186440678 0.5628531073446328 0.05614406779661017 0.09180790960451977
0 0.09904661016949153 0.739406779661017 0.11864406779661017 0.17231638418079095
0 0.3003177966101695 0.6299435028248588 0.10063559322033898 0.0423728813559322
0 0.2690677966101695 0.9540960451977402 0.08898305084745763 0.09180790960451977
0 0.8236228813559322 0.6560734463276836 0.1705508474576271 0.09463276836158192
0 0.7002118644067796 0.809322033898305 0.10063559322033898 0.13135593220338984
0 0.5985169491525424 0.8509887005649718 0.038135593220338986 0.18785310734463276
0 0.7404661016949152 0.9682203389830508 0.15466101694915255 0.0635593220338983