0 0.3250620347394541 0.10596026490066225 0.08684863523573201 0.12417218543046357
0 0.2872208436724566 0.1912251655629139 0.08436724565756824 0.13245033112582782
0 0.038461538461538464 0.44288079470198677 0.07692307692307693 0.09105960264900662
0 0.9311414392059554 0.022350993377483443 0.04838709677419355 0.04470198675496689
0 0.7115384615384616 0.0695364238410596 0.12531017369727046 0.1390728476821192
0 0.7133995037220844 0.28725165562913907 0.08933002481389578 0.14403973509933773
0 0.9547146401985112 0.3038079470198676 0.08312655086848635 0.17052980132450332
0 0.4882133995037221 0.4197019867549669 0.038461538461538464 0.13741721854304637
0 0.9286600496277916 0.4685430463576159 0.11786600496277916 0.039735099337748346
0 0.4509925558312655 0.5422185430463576 0.03598014888337469 0.1076158940397351
0 0.37965260545905705 0.5372516556291391 0.1761786600496278 0.09768211920529801
0 0.37034739454094295 0.9147350993377483 0.12034739454094293 0.16887417218543047
0 0.9497518610421837 0.5107615894039735 0.10049627791563276 0.04470198675496689
0 0.8498759305210918 0.5405629139072847 0.21588089330024815 0.10430463576158941
0 0.49627791563275436 0.8774834437086093 0.05459057071960298 0.1357615894039735
0 0.8815136476426799 0.8816225165562914 0.09801488833746898 0.12251655629139073
0 0.9714640198511166 0.7301324503311258 0.05707196029776675 0.11589403973509933