0 0.4758968609865471 0.28817365269461076 0.1367713004484305 0.17664670658682635
0 0.3536995515695067 0.11676646706586827 0.13004484304932734 0.17664670658682635
0 0.9282511210762332 0.13847305389221556 0.09080717488789238 0.12125748502994012
0 0.9501121076233184 0.39146706586826346 0.09977578475336323 0.0344311377245509
0 0.23710762331838564 0.469311377245509 0.1109865470852018 0.12125748502994012
0 0.13789237668161436 0.6324850299401198 0.17937219730941703 0.2754491017964072
0 0.06670403587443946 0.7155688622754491 0.13340807174887892 0.20359281437125748
0 0.5431614349775785 0.5366766467065869 0.0930493273542601 0.1691616766467066
0 0.5403587443946188 0.8383233532934131 0.09865470852017937 0.1497005988023952
0 0.5016816143497758 0.8315868263473054 0.10874439461883408 0.1467065868263473
0 0.35257847533632286 0.9161676646706587 0.16704035874439463 0.16766467065868262
0 0.2163677130044843 0.842814371257485 0.1266816143497758 0.14520958083832336
0 0.6160313901345291 0.7874251497005988 0.052690582959641255 0.16766467065868262
0 0.8077354260089686 0.5755988023952096 0.2006726457399103 0.28293413173652693
0 0.8357623318385651 0.7597305389221557 0.10650224215246637 0.13922155688622753
0 0.7051569506726457 0.8839820359281437 0.0952914798206278 0.12574850299401197