0 0.03705533596837945 0.05460526315789474 0.0741106719367589 0.10921052631578948
0 0.17292490118577075 0.038157894736842106 0.07905138339920949 0.07631578947368421
0 0.5543478260869565 0.06578947368421052 0.08695652173913043 0.13157894736842105
0 0.6111660079051383 0.33421052631578946 0.0741106719367589 0.13421052631578947
0 0.5296442687747036 0.2657894736842105 0.09782608695652174 0.16447368421052633
0 0.399703557312253 0.3 0.08695652173913043 0.12894736842105264
0 0.3265810276679842 0.46578947368421053 0.10968379446640317 0.15657894736842104
0 0.708498023715415 0.09144736842105264 0.07707509881422925 0.18289473684210528
0 0.7109683794466403 0.23289473684210527 0.08201581027667984 0.24210526315789474
0 0.9229249011857708 0.29078947368421054 0.07213438735177866 0.10263157894736842
0 0.8596837944664032 0.15460526315789475 0.06818181818181818 0.07763157894736843
0 0.9604743083003953 0.023026315789473683 0.07114624505928854 0.046052631578947366
0 0.40217391304347827 0.8506578947368421 0.08794466403162056 0.125
0 0.02766798418972332 0.8967105263157895 0.05533596837944664 0.075
0 0.6190711462450593 0.8013157894736842 0.10177865612648221 0.16578947368421051
0 0.6561264822134387 0.9407894736842105 0.02766798418972332 0.0868421052631579
0 0.6956521739130435 0.7493421052631579 0.05138339920948617 0.24078947368421053