0 0.34989754098360654 0.3722677595628415 0.13012295081967212 0.07513661202185792
0 0.19569672131147542 0.3176229508196721 0.1598360655737705 0.18442622950819673
0 0.13319672131147542 0.14002732240437157 0.22950819672131148 0.28005464480874315
0 0.9415983606557377 0.14685792349726776 0.10758196721311475 0.14207650273224043
0 0.923155737704918 0.05942622950819672 0.15368852459016394 0.11885245901639344
0 0.6956967213114754 0.26366120218579236 0.125 0.1680327868852459
0 0.6362704918032787 0.3907103825136612 0.13524590163934427 0.03825136612021858
0 0.23719262295081966 0.5307377049180327 0.11782786885245902 0.1557377049180328
0 0.3457991803278688 0.9665300546448088 0.1014344262295082 0.06693989071038252
0 0.019979508196721313 0.9105191256830601 0.039959016393442626 0.12978142076502733
0 0.15368852459016394 0.8258196721311475 0.1557377049180328 0.2062841530054645
0 0.03790983606557377 0.8155737704918032 0.07581967213114754 0.12021857923497267
0 0.9738729508196722 0.8032786885245902 0.05225409836065574 0.17486338797814208
0 0.8043032786885246 0.6386612021857924 0.0860655737704918 0.11475409836065574
0 0.5722336065573771 0.9576502732240437 0.1014344262295082 0.08469945355191257
0 0.6214139344262295 0.7855191256830601 0.1014344262295082 0.13797814207650272
0 0.46311475409836067 0.6086065573770492 0.08811475409836066 0.2062841530054645