0 0.2952322738386308 0.08794788273615635 0.17481662591687042 0.1758957654723127
0 0.2781173594132029 0.30130293159609123 0.12591687041564792 0.16938110749185667
0 0.4394865525672372 0.02768729641693811 0.13080684596577016 0.05537459283387622
0 0.5189486552567237 0.11889250814332247 0.05990220048899755 0.1237785016286645
0 0.46638141809290956 0.28013029315960913 0.16503667481662593 0.2182410423452769
0 0.730440097799511 0.026058631921824105 0.12102689486552567 0.05211726384364821
0 0.715158924205379 0.15879478827361562 0.14547677261613692 0.19543973941368079
0 0.8306845965770171 0.35993485342019543 0.19682151589242053 0.05863192182410423
0 0.9718826405867971 0.03664495114006515 0.05623471882640587 0.0732899022801303
0 0.29645476772616136 0.46172638436482083 0.19193154034229828 0.1449511400651466
0 0.5684596577017115 0.757328990228013 0.039119804400977995 0.18566775244299674
0 0.6228606356968215 0.5684039087947883 0.09902200488997555 0.13029315960912052
0 0.9523227383863081 0.48452768729641693 0.09535452322738386 0.19055374592833876
0 0.980440097799511 0.6986970684039088 0.039119804400977995 0.23452768729641693