0 0.4108695652173913 0.2753623188405797 0.10326086956521739 0.1565217391304348
0 0.23097826086956522 0.3615942028985507 0.24239130434782608 0.23768115942028986
0 0.03804347826086957 0.15289855072463768 0.07608695652173914 0.14057971014492754
0 0.4152173913043478 0.01884057971014493 0.10652173913043478 0.03768115942028986
0 0.8777173913043478 0.4318840579710145 0.10760869565217392 0.11594202898550725
0 0.8739130434782608 0.24347826086956523 0.07608695652173914 0.12318840579710146
0 0.6298913043478261 0.12391304347826088 0.11847826086956521 0.14492753623188406
0 0.9402173913043478 0.04057971014492753 0.1 0.08115942028985507
0 0.24456521739130435 0.8927536231884058 0.12065217391304348 0.19710144927536233
0 0.49782608695652175 0.8492753623188406 0.06304347826086956 0.14492753623188406
0 0.043478260869565216 0.6550724637681159 0.08695652173913043 0.12173913043478261
0 0.45163043478260867 0.55 0.08586956521739131 0.12028985507246377
0 0.3527173913043478 0.5644927536231884 0.10217391304347827 0.1391304347826087
0 0.9342391304347826 0.6782608695652174 0.13152173913043477 0.1391304347826087
0 0.6956521739130435 0.6028985507246377 0.10760869565217392 0.12608695652173912