0 0.06464379947229551 0.4278169014084507 0.12928759894459102 0.18309859154929578
0 0.22361477572559366 0.4867957746478873 0.23614775725593667 0.06514084507042253
0 0.4947229551451187 0.301056338028169 0.029023746701846966 0.176056338028169
0 0.09432717678100264 0.03169014084507042 0.11741424802110818 0.06338028169014084
0 0.8199208443271768 0.5035211267605634 0.11741424802110818 0.03169014084507042
0 0.7137203166226913 0.1795774647887324 0.15567282321899736 0.19190140845070422
0 0.837730870712401 0.05721830985915493 0.079155672823219 0.11443661971830986
0 0.12862796833773088 0.8318661971830986 0.10949868073878628 0.11971830985915492
0 0.1741424802110818 0.5669014084507042 0.08970976253298153 0.09507042253521127
0 0.7526385224274407 0.8952464788732394 0.11477572559366754 0.20950704225352113
0 0.8443271767810027 0.8741197183098591 0.1279683377308707 0.23767605633802816
0 0.8232189973614775 0.5642605633802817 0.11609498680738786 0.0897887323943662