0 0.5085227272727273 0.09015151515151515 0.11704545454545455 0.17272727272727273
0 0.31477272727272726 0.07954545454545454 0.2636363636363636 0.1590909090909091
0 0.10852272727272727 0.26515151515151514 0.12727272727272726 0.15757575757575756
0 0.5346590909090909 0.41363636363636364 0.11931818181818182 0.1621212121212121
0 0.8909090909090909 0.4643939393939394 0.09886363636363636 0.12424242424242424
0 0.9119318181818182 0.4053030303030303 0.075 0.11212121212121212
0 0.6426136363636363 0.2196969696969697 0.04659090909090909 0.1606060606060606
0 0.8238636363636364 0.03333333333333333 0.09545454545454546 0.06666666666666667
0 0.3119318181818182 0.9234848484848485 0.09431818181818181 0.12575757575757576
0 0.509090909090909 0.8916666666666667 0.11022727272727273 0.15
0 0.8494318181818182 0.6924242424242424 0.07840909090909091 0.08484848484848485