0 0.031118143459915613 0.06952247191011236 0.06223628691983123 0.13904494382022473
0 0.1751054852320675 0.12008426966292135 0.13818565400843882 0.19241573033707865
0 0.26371308016877637 0.2521067415730337 0.25316455696202533 0.15308988764044945
0 0.5036919831223629 0.29564606741573035 0.09177215189873418 0.06601123595505617
0 0.12183544303797468 0.03160112359550562 0.07278481012658228 0.06320224719101124
0 0.7046413502109705 0.19101123595505617 0.08755274261603375 0.11657303370786516
0 0.8823839662447257 0.04424157303370786 0.10232067510548523 0.08848314606741572
0 0.31751054852320676 0.8349719101123596 0.0981012658227848 0.1348314606741573
0 0.40242616033755274 0.8047752808988764 0.07805907172995781 0.12078651685393259
0 0.4393459915611814 0.6966292134831461 0.1571729957805907 0.25842696629213485
0 0.06381856540084388 0.5280898876404494 0.09915611814345991 0.12921348314606743
0 0.3802742616033755 0.4803370786516854 0.16455696202531644 0.22191011235955055
0 0.5195147679324894 0.3967696629213483 0.060126582278481014 0.11938202247191011
0 0.8486286919831224 0.7837078651685393 0.11181434599156118 0.1502808988764045
0 0.9187763713080169 0.4417134831460674 0.1540084388185654 0.20365168539325842