0 0.1459227467811159 0.21060171919770773 0.08690987124463519 0.15329512893982808
0 0.27736051502145925 0.3431232091690544 0.148068669527897 0.29369627507163326
0 0.361587982832618 0.41117478510028654 0.13412017167381973 0.16905444126074498
0 0.2521459227467811 0.5680515759312321 0.11373390557939914 0.06160458452722063
0 0.657725321888412 0.044412607449856735 0.09871244635193133 0.08882521489971347
0 0.7027896995708155 0.3853868194842407 0.08690987124463519 0.15329512893982808
0 0.8326180257510729 0.4978510028653295 0.1459227467811159 0.2020057306590258
0 0.9222103004291845 0.5415472779369628 0.13412017167381973 0.11461318051575932
0 0.6410944206008584 0.28939828080229224 0.06759656652360516 0.10888252148997135
0 0.08637339055793991 0.7650429799426934 0.09549356223175966 0.29656160458452724
0 0.22746781115879827 0.6540114613180515 0.11802575107296137 0.11031518624641834
0 0.31276824034334766 0.6525787965616046 0.09334763948497854 0.10744985673352435
0 0.3267167381974249 0.9305157593123209 0.07618025751072961 0.1174785100286533
0 0.8959227467811158 0.6762177650429799 0.07618025751072961 0.0988538681948424
0 0.9597639484978541 0.669054441260745 0.08047210300429185 0.14040114613180515
0 0.9549356223175965 0.9520057306590258 0.09012875536480687 0.09598853868194843