0 0.04691516709511568 0.2662671232876712 0.09383033419023136 0.10445205479452055
0 0.577120822622108 0.12157534246575342 0.09383033419023136 0.1506849315068493
0 0.8637532133676092 0.18493150684931506 0.11053984575835475 0.2534246575342466
0 0.8451156812339332 0.016267123287671232 0.09383033419023136 0.032534246575342464
0 0.45951156812339333 0.678082191780822 0.019280205655526992 0.13356164383561644
0 0.19023136246786632 0.5856164383561644 0.12724935732647816 0.1523972602739726
0 0.07197943444730077 0.348458904109589 0.09768637532133675 0.059931506849315065
0 0.6722365038560412 0.978595890410959 0.07969151670951156 0.04280821917808219
0 0.5147814910025706 0.8921232876712328 0.09125964010282776 0.21575342465753425
0 0.833547557840617 0.3955479452054795 0.11182519280205655 0.1541095890410959
0 0.7802056555269923 0.4537671232876712 0.07326478149100257 0.10787671232876712
0 0.5989717223650386 0.4589041095890411 0.15938303341902313 0.14554794520547945
0 0.5096401028277635 0.6455479452054794 0.08097686375321336 0.10273972602739725