0 0.2896739130434783 0.02318840579710145 0.10978260869565218 0.0463768115942029
0 0.4559782608695652 0.015942028985507246 0.08804347826086957 0.03188405797101449
0 0.35706521739130437 0.263768115942029 0.12065217391304348 0.05217391304347826
0 0.05 0.25579710144927537 0.08478260869565217 0.06811594202898551
0 0.3407608695652174 0.17971014492753623 0.11195652173913044 0.15072463768115943
0 0.9 0.09565217391304348 0.2 0.19130434782608696
0 0.9739130434782609 0.12753623188405797 0.05217391304347826 0.21159420289855072
0 0.9271739130434783 0.15942028985507245 0.14565217391304347 0.2608695652173913
0 0.7728260869565218 0.2594202898550725 0.08695652173913043 0.06086956521739131
0 0.6070652173913044 0.23840579710144927 0.09456521739130434 0.10289855072463767
0 0.19130434782608696 0.6173913043478261 0.19456521739130433 0.26666666666666666
0 0.22391304347826088 0.758695652173913 0.1565217391304348 0.21014492753623187
0 0.07880434782608696 0.9101449275362319 0.10652173913043478 0.14057971014492754
0 0.12608695652173912 0.4326086956521739 0.11521739130434783 0.1565217391304348
0 0.4733695652173913 0.8724637681159421 0.05326086956521739 0.10144927536231885
0 0.6119565217391304 0.34855072463768116 0.11521739130434783 0.11739130434782609
0 0.7646739130434783 0.5521739130434783 0.1108695652173913 0.1463768115942029
0 0.6798913043478261 0.7659420289855072 0.10760869565217392 0.14492753623188406
0 0.8445652173913043 0.967391304347826 0.16304347826086957 0.06521739130434782
0 0.5309782608695652 0.5644927536231884 0.06195652173913044 0.21594202898550724
0 0.5472826086956522 0.8717391304347826 0.09456521739130434 0.15507246376811595