0 0.1965909090909091 0.11287878787878788 0.11931818181818182 0.11818181818181818
0 0.2471590909090909 0.33636363636363636 0.19318181818181818 0.1984848484848485
0 0.23863636363636365 0.471969696969697 0.13068181818181818 0.18484848484848485
0 0.4102272727272727 0.34924242424242424 0.09431818181818181 0.1606060606060606
0 0.14431818181818182 0.019696969696969695 0.10454545454545454 0.03939393939393939
0 0.6397727272727273 0.17272727272727273 0.09431818181818181 0.1318181818181818
0 0.5397727272727273 0.3931818181818182 0.1409090909090909 0.3409090909090909
0 0.8630681818181818 0.24166666666666667 0.11931818181818182 0.15454545454545454
0 0.030113636363636363 0.7151515151515152 0.060227272727272727 0.11212121212121212
0 0.5619318181818181 0.7492424242424243 0.09545454545454546 0.13333333333333333
0 0.5147727272727273 0.8409090909090909 0.09090909090909091 0.22727272727272727
0 0.772159090909091 0.9651515151515152 0.11704545454545455 0.0696969696969697
0 0.9454545454545454 0.9409090909090909 0.10909090909090909 0.11818181818181818