0 0.044513457556935816 0.4703038674033149 0.08902691511387163 0.0787292817679558
0 0.062111801242236024 0.026243093922651933 0.09937888198757763 0.052486187845303865
0 0.26811594202898553 0.449585635359116 0.09316770186335403 0.12016574585635359
0 0.4363354037267081 0.47582872928176795 0.08592132505175984 0.06767955801104972
0 0.5113871635610766 0.34392265193370164 0.07556935817805382 0.09668508287292818
0 0.7111801242236024 0.43439226519337015 0.08281573498964803 0.12845303867403315
0 0.8473084886128365 0.4005524861878453 0.08281573498964803 0.08839779005524862
0 0.8954451345755694 0.07596685082872928 0.09523809523809523 0.1408839779005525
0 0.9870600414078675 0.45027624309392267 0.025879917184265012 0.11878453038674033
0 0.2013457556935818 0.9406077348066298 0.061076604554865424 0.08149171270718232
0 0.3302277432712215 0.919889502762431 0.07453416149068323 0.09116022099447514
0 0.34575569358178054 0.613950276243094 0.07556935817805382 0.08149171270718232
0 0.2412008281573499 0.6070441988950276 0.09937888198757763 0.13812154696132597
0 0.55175983436853 0.9737569060773481 0.13664596273291926 0.052486187845303865
0 0.5414078674948241 0.7976519337016574 0.08281573498964803 0.10497237569060773
0 0.5253623188405797 0.6650552486187845 0.08592132505175984 0.10497237569060773
0 0.7567287784679089 0.8708563535911602 0.08281573498964803 0.12845303867403315
0 0.8928571428571429 0.8370165745856354 0.08281573498964803 0.08839779005524862
0 0.9409937888198758 0.5462707182320442 0.09523809523809523 0.07320441988950276