0 0.09802784222737819 0.32972136222910214 0.13109048723897912 0.1393188854489164
0 0.22215777262180975 0.29411764705882354 0.09164733178654293 0.13622291021671826
0 0.19779582366589327 0.15170278637770898 0.17749419953596288 0.20743034055727555
0 0.16357308584686775 0.04489164086687306 0.2111368909512761 0.08978328173374613
0 0.4872389791183295 0.22136222910216719 0.12761020881670534 0.16718266253869968
0 0.7296983758700696 0.14009287925696595 0.10092807424593968 0.11919504643962849
0 0.9849187935034803 0.12538699690402477 0.030162412993039442 0.14241486068111456
0 0.07424593967517401 0.8057275541795665 0.12296983758700696 0.15479876160990713
0 0.44779582366589327 0.6710526315789473 0.2296983758700696 0.1996904024767802
0 0.5203016241299304 0.5673374613003096 0.13805104408352667 0.19040247678018576
0 0.33352668213457076 0.836687306501548 0.12412993039443156 0.13157894736842105
0 0.7517401392111369 0.4852941176470588 0.2296983758700696 0.17182662538699692
0 0.834106728538283 0.4311145510835913 0.15777262180974477 0.06346749226006192
0 0.9796983758700696 0.4907120743034056 0.04060324825986079 0.14551083591331268
0 0.7958236658932715 0.9806501547987616 0.09048723897911833 0.03869969040247678
0 0.644431554524362 0.6369969040247678 0.11020881670533643 0.13157894736842105