0 0.2626728110599078 0.06769230769230769 0.1313364055299539 0.13538461538461538
0 0.12096774193548387 0.20153846153846153 0.21428571428571427 0.25384615384615383
0 0.06854838709677419 0.3123076923076923 0.13709677419354838 0.2153846153846154
0 0.3548387096774194 0.02923076923076923 0.0944700460829493 0.05846153846153846
0 0.9314516129032258 0.04153846153846154 0.12096774193548387 0.08307692307692308
0 0.8283410138248848 0.0876923076923077 0.11405529953917051 0.14307692307692307
0 0.6768433179723502 0.23076923076923078 0.20161290322580644 0.25846153846153846
0 0.6353686635944701 0.35 0.13709677419354838 0.19230769230769232
0 0.5841013824884793 0.08538461538461538 0.12442396313364056 0.17076923076923076
0 0.4014976958525346 0.85 0.056451612903225805 0.2569230769230769
0 0.3824884792626728 0.916923076923077 0.0944700460829493 0.16615384615384615
0 0.271889400921659 0.7661538461538462 0.10483870967741936 0.15846153846153846
0 0.029953917050691243 0.94 0.059907834101382486 0.12
0 0.0771889400921659 0.8430769230769231 0.1543778801843318 0.24615384615384617
0 0.5311059907834101 0.7546153846153846 0.14285714285714285 0.17076923076923076