0 0.35489130434782606 0.2326086956521739 0.11304347826086956 0.1536231884057971
0 0.2619565217391304 0.04855072463768116 0.11521739130434783 0.09710144927536232
0 0.7619565217391304 0.29057971014492756 0.07934782608695652 0.12028985507246377
0 0.7989130434782609 0.39710144927536234 0.1282608695652174 0.10434782608695652
0 0.9614130434782608 0.10942028985507246 0.07717391304347826 0.15507246376811595
0 0.596195652173913 0.09057971014492754 0.03369565217391304 0.12318840579710146
0 0.6679347826086957 0.06811594202898551 0.09891304347826087 0.13623188405797101
0 0.07989130434782608 0.9072463768115943 0.125 0.1492753623188406
0 0.30217391304347824 0.7891304347826087 0.11630434782608695 0.14202898550724638
0 0.2858695652173913 0.5963768115942029 0.08586956521739131 0.1318840579710145
0 0.058152173913043476 0.6239130434782608 0.11630434782608695 0.18115942028985507
0 0.5146739130434783 0.4811594202898551 0.12934782608695652 0.06376811594202898
0 0.08260869565217391 0.4681159420289855 0.10652173913043478 0.03768115942028986
0 0.6554347826086957 0.6760869565217391 0.1358695652173913 0.21159420289855072