0 0.300125313283208 0.3754180602006689 0.13909774436090225 0.20903010033444816
0 0.14724310776942356 0.23494983277591974 0.15288220551378445 0.205685618729097
0 0.731203007518797 0.048494983277591976 0.13659147869674185 0.09698996655518395
0 0.6541353383458647 0.23411371237458195 0.22932330827067668 0.3193979933110368
0 0.5864661654135338 0.3520066889632107 0.18170426065162906 0.2408026755852843
0 0.9260651629072681 0.44565217391304346 0.14285714285714285 0.1454849498327759
0 0.7832080200501254 0.43561872909698995 0.14035087719298245 0.16555183946488294
0 0.20927318295739347 0.5468227424749164 0.15538847117794485 0.056856187290969896
0 0.27380952380952384 0.7968227424749164 0.10401002506265664 0.13377926421404682
0 0.17731829573934837 0.8779264214046822 0.13784461152882205 0.1806020066889632
0 0.674812030075188 0.6036789297658863 0.13157894736842105 0.1705685618729097
0 0.5319548872180451 0.5593645484949833 0.16917293233082706 0.08193979933110368