0 0.39096267190569745 0.1793193717277487 0.1100196463654224 0.14921465968586387
0 0.231335952848723 0.3403141361256545 0.12180746561886051 0.16099476439790575
0 0.0618860510805501 0.3992146596858639 0.1031434184675835 0.13612565445026178
0 0.06335952848722987 0.5667539267015707 0.09921414538310412 0.08638743455497382
0 0.9277996070726916 0.03664921465968586 0.09528487229862476 0.07329842931937172
0 0.8163064833005894 0.1668848167539267 0.09724950884086445 0.1243455497382199
0 0.9115913555992141 0.4607329842931937 0.14047151277013753 0.1950261780104712
0 0.5702357563850687 0.021596858638743454 0.16601178781925344 0.04319371727748691
0 0.6149312377210217 0.09358638743455497 0.10510805500982318 0.1400523560209424
0 0.6660117878192534 0.2198952879581152 0.10903732809430255 0.1518324607329843
0 0.5805500982318271 0.45418848167539266 0.09823182711198428 0.13743455497382198
0 0.7333005893909627 0.5477748691099477 0.09135559921414538 0.1243455497382199
0 0.8354616895874263 0.600130890052356 0.09332023575638507 0.01963350785340314
0 0.3192534381139489 0.7068062827225131 0.12180746561886051 0.16099476439790575
0 0.15766208251473476 0.7663612565445026 0.10216110019646366 0.1400523560209424
0 0.021611001964636542 0.8403141361256544 0.043222003929273084 0.10209424083769633
0 0.1537328094302554 0.9397905759162304 0.1031434184675835 0.12041884816753927
0 0.5535363457760314 0.649869109947644 0.08349705304518663 0.07984293193717278
0 0.6399803536345776 0.6963350785340314 0.1581532416502947 0.17277486910994763
0 0.7696463654223968 0.7742146596858639 0.20039292730844793 0.28664921465968585
0 0.9071709233791748 0.7100785340314136 0.1856581532416503 0.20026178010471204
0 0.48968565815324167 0.9051047120418848 0.04027504911591356 0.15575916230366493