0 0.12199124726477024 0.3717201166180758 0.1761487964989059 0.19387755102040816
0 0.10831509846827134 0.24927113702623907 0.21663019693654267 0.21574344023323616
0 0.10940919037199125 0.05393586005830904 0.11816192560175055 0.10787172011661808
0 0.28063457330415753 0.4752186588921283 0.018599562363238512 0.1282798833819242
0 0.3298687089715536 0.1392128279883382 0.07986870897155361 0.2784256559766764
0 0.3276805251641138 0.4584548104956268 0.07549234135667396 0.1618075801749271
0 0.62472647702407 0.09766763848396501 0.12691466083150985 0.16763848396501457
0 0.8107221006564551 0.11661807580174927 0.1061269146608315 0.14723032069970846
0 0.9748358862144421 0.15451895043731778 0.05032822757111598 0.10787172011661808
0 0.8440919037199125 0.31341107871720114 0.10940919037199125 0.13702623906705538
0 0.06072210065645514 0.8126822157434402 0.12144420131291028 0.16763848396501457
0 0.2401531728665208 0.8316326530612245 0.09956236323851203 0.14723032069970846
0 0.5656455142231948 0.6173469387755102 0.21663019693654267 0.15597667638483964
0 0.5836980306345733 0.7441690962099126 0.15098468271334792 0.18221574344023322
0 0.7653172866520788 0.7959183673469388 0.09080962800875274 0.13848396501457727
0 0.3812910284463895 0.9817784256559767 0.09080962800875274 0.03644314868804665
0 0.9163019693654267 0.7274052478134111 0.12144420131291028 0.18658892128279883
0 0.8533916849015317 0.9744897959183674 0.1838074398249453 0.05102040816326531