0 0.06868131868131869 0.13416422287390029 0.13736263736263737 0.26832844574780057
0 0.43846153846153846 0.21627565982404692 0.12087912087912088 0.1598240469208211
0 0.12472527472527473 0.30131964809384165 0.11318681318681319 0.16422287390029325
0 0.8263736263736263 0.22580645161290322 0.1813186813186813 0.24926686217008798
0 0.7461538461538462 0.17302052785923755 0.13186813186813187 0.17302052785923755
0 0.939010989010989 0.13196480938416422 0.12197802197802197 0.16422287390029325
0 0.2434065934065934 0.9325513196480938 0.12857142857142856 0.1348973607038123
0 0.3021978021978022 0.7675953079178885 0.1021978021978022 0.1436950146627566
0 0.5049450549450549 0.8922287390029325 0.1087912087912088 0.2155425219941349
0 0.11648351648351649 0.5183284457478006 0.14395604395604394 0.187683284457478
0 0.5181318681318682 0.6715542521994134 0.08241758241758242 0.16715542521994134
0 0.4357142857142857 0.5982404692082112 0.12307692307692308 0.1627565982404692
0 0.9653846153846154 0.9780058651026393 0.06923076923076923 0.04398826979472141
0 0.9296703296703297 0.5036656891495601 0.14065934065934066 0.23020527859237536
0 0.8763736263736264 0.44208211143695014 0.15714285714285714 0.10703812316715543
0 0.5769230769230769 0.6422287390029325 0.035164835164835165 0.11730205278592376