0 0.3419282511210762 0.3023952095808383 0.11434977578475336 0.17065868263473055
0 0.35874439461883406 0.12125748502994012 0.08071748878923767 0.24251497005988024
0 0.03811659192825112 0.2964071856287425 0.07623318385650224 0.16467065868263472
0 0.04708520179372197 0.02619760479041916 0.07399103139013453 0.05239520958083832
0 0.3189461883408072 0.42664670658682635 0.09080717488789238 0.12574850299401197
0 0.5022421524663677 0.4550898203592814 0.11659192825112108 0.15419161676646706
0 0.7006726457399103 0.4004491017964072 0.2701793721973094 0.3413173652694611
0 0.8010089686098655 0.5404191616766467 0.12443946188340807 0.09880239520958084
0 0.8015695067264574 0.09281437125748503 0.11995515695067265 0.1601796407185629
0 0.4204035874439462 0.20808383233532934 0.042600896860986545 0.18862275449101795
0 0.37331838565022424 0.937874251497006 0.0515695067264574 0.12425149700598802
0 0.24047085201793722 0.6399700598802395 0.11995515695067265 0.10029940119760479
0 0.9232062780269058 0.9805389221556886 0.12443946188340807 0.038922155688622756
0 0.9030269058295964 0.6302395209580839 0.19394618834080718 0.08083832335329341
0 0.5145739910313901 0.6699101796407185 0.1132286995515695 0.1497005988023952
0 0.8312780269058296 0.719311377245509 0.12780269058295965 0.1781437125748503
0 0.7214125560538116 0.9827844311377245 0.10874439461883408 0.0344311377245509