0 0.3077354260089686 0.029191616766467067 0.15582959641255606 0.058383233532934134
0 0.2645739910313901 0.050149700598802395 0.08295964125560538 0.10029940119760479
0 0.11547085201793722 0.1122754491017964 0.16143497757847533 0.1781437125748503
0 0.062219730941704035 0.30763473053892215 0.12331838565022421 0.13023952095808383
0 0.7051569506726457 0.2694610778443114 0.16591928251121077 0.2994011976047904
0 0.6025784753363229 0.2747005988023952 0.13452914798206278 0.18263473053892215
0 0.5980941704035875 0.04416167664670659 0.1109865470852018 0.08832335329341318
0 0.8721973094170403 0.31137724550898205 0.10089686098654709 0.1601796407185629
0 0.2819506726457399 0.5396706586826348 0.1367713004484305 0.1721556886227545
0 0.6502242152466368 0.9745508982035929 0.09641255605381166 0.05089820359281437
0 0.8856502242152466 0.8974550898203593 0.08520179372197309 0.11826347305389222
0 0.8071748878923767 0.7065868263473054 0.16591928251121077 0.24550898203592814
0 0.7516816143497758 0.4812874251497006 0.10426008968609865 0.12425149700598802
0 0.5795964125560538 0.5104790419161677 0.09865470852017937 0.1317365269461078
0 0.5297085201793722 0.6699101796407185 0.11995515695067265 0.15868263473053892