0 0.3825301204819277 0.3408360128617363 0.0819277108433735 0.11093247588424437
0 0.1746987951807229 0.42363344051446944 0.172289156626506 0.2459807073954984
0 0.09216867469879518 0.36897106109324757 0.1 0.13183279742765272
0 0.2620481927710843 0.5530546623794212 0.13614457831325302 0.05144694533762058
0 0.8530120481927711 0.2757234726688103 0.11927710843373494 0.14790996784565916
0 0.5662650602409639 0.40836012861736337 0.09759036144578313 0.1607717041800643
0 0.6746987951807228 0.33762057877813506 0.09879518072289156 0.15916398713826366
0 0.41325301204819276 0.6704180064308681 0.05301204819277108 0.12540192926045016
0 0.3301204819277108 0.9839228295819936 0.12289156626506025 0.03215434083601286
0 0.11867469879518072 0.8882636655948553 0.14578313253012049 0.21864951768488747
0 0.8632530120481928 0.7789389067524116 0.13493975903614458 0.16559485530546625
0 0.5987951807228916 0.72508038585209 0.1108433734939759 0.12861736334405144
0 0.5036144578313253 0.9445337620578779 0.0963855421686747 0.11093247588424437