0 0.39285714285714285 0.338628762541806 0.12907268170426064 0.04180602006688963
0 0.21303258145363407 0.26755852842809363 0.12531328320802004 0.18394648829431437
0 0.3132832080200501 0.18729096989966554 0.16290726817042606 0.24414715719063546
0 0.4016290726817043 0.05351170568561873 0.13408521303258145 0.10702341137123746
0 0.06766917293233082 0.13963210702341136 0.08020050125313283 0.11705685618729098
0 0.8327067669172933 0.20819397993311037 0.11152882205513784 0.13712374581939799
0 0.931077694235589 0.12040133779264214 0.13784461152882205 0.2140468227424749
0 0.6622807017543859 0.33695652173913043 0.13157894736842105 0.0451505016722408
0 0.42105263157894735 0.8235785953177257 0.09774436090225563 0.2725752508361204
0 0.40350877192982454 0.7015050167224081 0.13283208020050125 0.23244147157190637
0 0.3157894736842105 0.9280936454849499 0.12030075187969924 0.14381270903010032
0 0.05513784461152882 0.8754180602006689 0.11027568922305764 0.21906354515050167
0 0.016290726817042606 0.7073578595317725 0.03258145363408521 0.22408026755852842
0 0.9417293233082706 0.6680602006688964 0.11278195488721804 0.13879598662207357
0 0.706766917293233 0.9908026755852842 0.17042606516290726 0.01839464882943144
0 0.5219298245614035 0.8762541806020067 0.10401002506265664 0.15384615384615385
0 0.6221804511278195 0.7040133779264214 0.12656641604010024 0.16220735785953178
0 0.5294486215538847 0.4205685618729097 0.11904761904761904 0.12207357859531773
0 0.6015037593984962 0.9816053511705686 0.13784461152882205 0.03678929765886288