0 0.08400537634408602 0.32437275985663083 0.13844086021505375 0.16845878136200718
0 0.198252688172043 0.3207885304659498 0.13844086021505375 0.17562724014336917
0 0.22580645161290322 0.0492831541218638 0.11827956989247312 0.0985663082437276
0 0.6129032258064516 0.3611111111111111 0.0913978494623656 0.09498207885304659
0 0.7842741935483871 0.034050179211469536 0.10887096774193548 0.06810035842293907
0 0.028225806451612902 0.7401433691756273 0.056451612903225805 0.17204301075268819
0 0.15053763440860216 0.6684587813620072 0.08602150537634409 0.11827956989247312
0 0.3474462365591398 0.5546594982078853 0.125 0.26344086021505375
0 0.26881720430107525 0.42473118279569894 0.1478494623655914 0.03225806451612903
0 0.4650537634408602 0.6783154121863799 0.09005376344086022 0.14157706093189965
0 0.46908602150537637 0.8593189964157706 0.11827956989247312 0.1917562724014337
0 0.7862903225806451 0.6245519713261649 0.14650537634408603 0.1774193548387097
0 0.9428763440860215 0.4336917562724014 0.09274193548387097 0.05017921146953405