0 0.044270833333333336 0.23958333333333334 0.08854166666666667 0.19583333333333333
0 0.13072916666666667 0.12430555555555556 0.16979166666666667 0.18055555555555555
0 0.8526041666666667 0.19375 0.041666666666666664 0.1111111111111111
0 0.6317708333333333 0.35 0.128125 0.11944444444444445
0 0.5479166666666667 0.30694444444444446 0.13541666666666666 0.20555555555555555
0 0.4005208333333333 0.34444444444444444 0.08229166666666667 0.13055555555555556
0 0.2453125 0.5180555555555556 0.10625 0.13472222222222222
0 0.022916666666666665 0.9013888888888889 0.04583333333333333 0.125
0 0.3390625 0.9736111111111111 0.040625 0.05277777777777778
0 0.23541666666666666 0.8388888888888889 0.14166666666666666 0.17916666666666667
0 0.33645833333333336 0.8923611111111112 0.04583333333333333 0.10972222222222222
0 0.5380208333333333 0.4652777777777778 0.09270833333333334 0.1111111111111111
0 0.6119791666666666 0.5722222222222222 0.096875 0.12361111111111112
0 0.6317708333333333 0.44166666666666665 0.121875 0.06388888888888888
0 0.9619791666666667 0.7361111111111112 0.07604166666666666 0.14444444444444443
0 0.825 0.8326388888888889 0.09895833333333333 0.13472222222222222
0 0.8239583333333333 0.9770833333333333 0.1375 0.04583333333333333