0 0.14163090128755365 0.1361031518624642 0.10944206008583691 0.14613180515759314
0 0.23819742489270387 0.1511461318051576 0.07296137339055794 0.09598853868194843
0 0.2988197424892704 0.14684813753581663 0.10407725321888411 0.1504297994269341
0 0.41416309012875535 0.1497134670487106 0.10407725321888411 0.14469914040114612
0 0.5627682403433476 0.3502865329512894 0.046137339055793994 0.20773638968481375
0 0.6046137339055794 0.47492836676217765 0.1298283261802575 0.20773638968481375
0 0.6968884120171673 0.5386819484240688 0.15343347639484978 0.08022922636103152
0 0.7317596566523605 0.29584527220630374 0.08798283261802575 0.11891117478510028
0 0.9721030042918455 0.062320916905444126 0.055793991416309016 0.12464183381088825
0 0.2494635193133047 0.6074498567335244 0.15987124463519314 0.05730659025787966
0 0.6550429184549357 0.8216332378223495 0.12017167381974249 0.15616045845272206
0 0.9195278969957081 0.8438395415472779 0.11266094420600858 0.16332378223495703
0 0.825107296137339 0.8524355300859598 0.08476394849785408 0.12034383954154727