0 0.1943181818181818 0.42727272727272725 0.12840909090909092 0.1696969696969697
0 0.4818181818181818 0.4462121212121212 0.12840909090909092 0.14545454545454545
0 0.5369318181818182 0.29924242424242425 0.06477272727272727 0.2409090909090909
0 0.3977272727272727 0.5121212121212121 0.09318181818181819 0.11060606060606061
0 0.7244318181818182 0.0893939393939394 0.11363636363636363 0.15303030303030302
0 0.6051136363636364 0.5446969696969697 0.0715909090909091 0.11060606060606061
0 0.7761363636363636 0.5681818181818182 0.10909090909090909 0.06363636363636363
0 0.9244318181818182 0.2916666666666667 0.15113636363636362 0.2196969696969697
0 0.04090909090909091 0.8287878787878787 0.08181818181818182 0.3424242424242424
0 0.18181818181818182 0.6590909090909091 0.1340909090909091 0.11818181818181818
0 0.602840909090909 0.906060606060606 0.06704545454545455 0.13636363636363635
0 0.6596590909090909 0.8181818181818182 0.09090909090909091 0.12727272727272726
0 0.7215909090909091 0.7909090909090909 0.11818181818181818 0.13484848484848486
0 0.825 0.6909090909090909 0.08636363636363636 0.11363636363636363