0 0.01511879049676026 0.14553314121037464 0.03023758099352052 0.17002881844380405
0 0.10745140388768898 0.0223342939481268 0.10907127429805616 0.0446685878962536
0 0.23758099352051837 0.08861671469740634 0.10583153347732181 0.13688760806916425
0 0.7667386609071274 0.06844380403458213 0.11231101511879049 0.13688760806916425
0 0.6630669546436285 0.4034582132564842 0.12526997840172785 0.03170028818443804
0 0.4924406047516199 0.25 0.04535637149028078 0.1340057636887608
0 0.9616630669546437 0.07420749279538905 0.07667386609071274 0.1484149855907781
0 0.9827213822894169 0.13976945244956773 0.03455723542116631 0.0893371757925072
0 0.07235421166306695 0.8710374639769453 0.11771058315334773 0.21469740634005763
0 0.14038876889848811 0.4711815561959654 0.11663066954643629 0.1037463976945245
0 0.2580993520518359 0.4719020172910663 0.10583153347732181 0.10518731988472622
0 0.20302375809935205 0.6051873198847262 0.18682505399568033 0.24639769452449567
0 0.20572354211663066 0.8004322766570605 0.17494600431965443 0.2680115273775216
0 0.525377969762419 0.6102305475504323 0.11123110151187905 0.1628242074927954
0 0.5826133909287257 0.8890489913544669 0.0734341252699784 0.10230547550432277
0 0.7478401727861771 0.5273775216138329 0.11771058315334773 0.13112391930835735
0 0.8482721382289417 0.6873198847262247 0.24190064794816415 0.23631123919308358
0 0.923866090712743 0.7399135446685879 0.15226781857451405 0.20317002881844382