0 0.15128504672897197 0.34345794392523366 0.1647196261682243 0.11059190031152648
0 0.1711448598130841 0.2632398753894081 0.10864485981308411 0.15109034267912771
0 0.5607476635514018 0.06697819314641744 0.12383177570093458 0.13395638629283488
0 0.9538551401869159 0.0514018691588785 0.09228971962616822 0.102803738317757
0 0.7564252336448598 0.01791277258566978 0.08294392523364486 0.03582554517133956
0 0.47546728971962615 0.9836448598130841 0.09345794392523364 0.03271028037383177
0 0.5975467289719626 0.9517133956386293 0.06425233644859812 0.09657320872274143
0 0.2739485981308411 0.5132398753894081 0.10747663551401869 0.16199376947040497
0 0.2102803738317757 0.7468847352024922 0.102803738317757 0.13239875389408098
0 0.053154205607476634 0.7912772585669782 0.10630841121495327 0.19003115264797507
0 0.0344626168224299 0.9789719626168224 0.0689252336448598 0.04205607476635514
0 0.8615654205607477 0.9758566978193146 0.1413551401869159 0.048286604361370715
0 0.8808411214953271 0.9073208722741433 0.12149532710280374 0.12149532710280374
0 0.6629672897196262 0.7866043613707165 0.06658878504672897 0.09968847352024922