0 0.21751740139211137 0.0936532507739938 0.10788863109048724 0.1346749226006192
0 0.5783062645011601 0.07585139318885449 0.11948955916473318 0.15170278637770898
0 0.6653132250580046 0.28328173374613 0.11136890951276102 0.14551083591331268
0 0.8271461716937355 0.2979876160990712 0.12761020881670534 0.20278637770897834
0 0.9153132250580046 0.17492260061919504 0.10324825986078887 0.15325077399380804
0 0.09164733178654293 0.9674922600619195 0.058004640371229696 0.06501547987616099
0 0.12064965197215777 0.8839009287925697 0.1148491879350348 0.12074303405572756
0 0.15603248259860789 0.7298761609907121 0.10672853828306264 0.12538699690402477
0 0.20475638051044084 0.4969040247678019 0.17749419953596288 0.17647058823529413
0 0.3462877030162413 0.521671826625387 0.10672853828306264 0.17647058823529413
0 0.43387470997679817 0.8351393188854489 0.027842227378190254 0.32972136222910214
0 0.8677494199535963 0.6749226006191951 0.16821345707656613 0.19040247678018576