0 0.05388471177944862 0.04933110367892977 0.10776942355889724 0.09866220735785954
0 0.8139097744360902 0.11789297658862877 0.23934837092731828 0.23578595317725753
0 0.9335839598997494 0.12123745819397994 0.13283208020050125 0.24247491638795987
0 0.8853383458646616 0.20735785953177258 0.22932330827067668 0.3411371237458194
0 0.6948621553884712 0.3745819397993311 0.09649122807017543 0.13043478260869565
0 0.5012531328320802 0.3737458193979933 0.10526315789473684 0.13210702341137123
0 0.08082706766917293 0.4782608695652174 0.11152882205513784 0.07692307692307693
0 0.20175438596491227 0.5075250836120402 0.22556390977443608 0.1354515050167224
0 0.32142857142857145 0.5284280936454849 0.13659147869674185 0.17725752508361203
0 0.07142857142857142 0.8503344481605352 0.14285714285714285 0.20234113712374582
0 0.8947368421052632 0.8954849498327759 0.06641604010025062 0.11705685618729098
0 0.5469924812030075 0.6989966555183946 0.11779448621553884 0.15384615384615385
0 0.5018796992481203 0.5058528428093646 0.09649122807017543 0.13210702341137123