0 0.42669584245076586 0.1727405247813411 0.060175054704595186 0.11661807580174927
0 0.3479212253829322 0.13556851311953352 0.06564551422319474 0.08454810495626822
0 0.29157549234135666 0.10349854227405247 0.08533916849015317 0.14431486880466474
0 0.1799781181619256 0.0597667638483965 0.0886214442013129 0.119533527696793
0 0.038840262582056896 0.05174927113702624 0.07768052516411379 0.10349854227405247
0 0.937636761487965 0.16982507288629736 0.11597374179431072 0.13994169096209913
0 0.8807439824945296 0.02696793002915452 0.08533916849015317 0.05393586005830904
0 0.6192560175054704 0.03717201166180758 0.12910284463894967 0.07434402332361516
0 0.16794310722100655 0.7798833819241983 0.07986870897155361 0.12536443148688048
0 0.06236323851203501 0.5728862973760933 0.0962800875273523 0.26822157434402333
0 0.19146608315098468 0.4679300291545189 0.13785557986870897 0.05830903790087463
0 0.9305251641137856 0.978134110787172 0.1389496717724289 0.043731778425655975
0 0.9146608315098468 0.9074344023323615 0.17067833698030635 0.18513119533527697
0 0.5328227571115973 0.7696793002915452 0.08643326039387308 0.12682215743440234
0 0.4737417943107221 0.7018950437317785 0.028446389496717725 0.1239067055393586
0 0.4824945295404814 0.5794460641399417 0.045951859956236324 0.2755102040816326
0 0.8599562363238512 0.5823615160349854 0.09080962800875274 0.1151603498542274
0 0.9721006564551422 0.6596209912536443 0.05579868708971553 0.10641399416909621
0 0.561816192560175 0.467201166180758 0.14770240700218817 0.056851311953352766