0 0.46049222797927464 0.47058823529411764 0.12823834196891193 0.1972318339100346
0 0.5103626943005182 0.26038062283737023 0.07772020725388601 0.33391003460207613
0 0.09974093264248704 0.36418685121107264 0.13730569948186527 0.18166089965397925
0 0.4805699481865285 0.04757785467128028 0.13730569948186527 0.09515570934256055
0 0.40867875647668395 0.6029411764705882 0.09715025906735751 0.14186851211072665
0 0.572538860103627 0.5250865051903114 0.046632124352331605 0.21280276816608998
0 0.7759067357512953 0.3062283737024221 0.10492227979274611 0.14013840830449828
0 0.05569948186528497 0.777681660899654 0.11139896373056994 0.157439446366782
0 0.8309585492227979 0.9230103806228374 0.1489637305699482 0.15397923875432526
0 0.7759067357512953 0.7508650519031141 0.11658031088082901 0.10380622837370242
0 0.5705958549222798 0.8382352941176471 0.042746113989637305 0.25432525951557095