0 0.11822916666666666 0.12569444444444444 0.184375 0.2513888888888889
0 0.0546875 0.1798611111111111 0.109375 0.18194444444444444
0 0.503125 0.21805555555555556 0.07291666666666667 0.14722222222222223
0 0.4786458333333333 0.18055555555555555 0.121875 0.15833333333333333
0 0.35104166666666664 0.28402777777777777 0.15625 0.17083333333333334
0 0.2296875 0.22777777777777777 0.121875 0.15138888888888888
0 0.6291666666666667 0.09375 0.17916666666666667 0.1875
0 0.0921875 0.6472222222222223 0.11041666666666666 0.14583333333333334
0 0.3927083333333333 0.42291666666666666 0.10625 0.10694444444444444
0 0.44895833333333335 0.6277777777777778 0.1 0.1388888888888889
0 0.26197916666666665 0.8569444444444444 0.15625 0.2
0 0.39791666666666664 0.9895833333333334 0.0875 0.020833333333333332
0 0.9770833333333333 0.6958333333333333 0.04583333333333333 0.16944444444444445
0 0.8942708333333333 0.5597222222222222 0.125 0.16944444444444445
0 0.9635416666666666 0.8638888888888889 0.07291666666666667 0.14166666666666666