0 0.32079646017699115 0.2182890855457227 0.05752212389380531 0.10029498525073746
0 0.2688053097345133 0.22640117994100295 0.11283185840707964 0.15339233038348082
0 0.15099557522123894 0.25442477876106195 0.11172566371681415 0.14896755162241887
0 0.025995575221238937 0.3112094395280236 0.051991150442477874 0.2536873156342183
0 0.9380530973451328 0.140117994100295 0.1161504424778761 0.15486725663716813
0 0.922566371681416 0.31194690265486724 0.15486725663716813 0.26991150442477874
0 0.6598451327433629 0.06268436578171091 0.13163716814159293 0.12536873156342182
0 0.8877212389380531 0.4970501474926254 0.20575221238938052 0.2713864306784661
0 0.5514380530973452 0.5943952802359882 0.11393805309734513 0.1504424778761062
0 0.24004424778761063 0.7418879056047197 0.10287610619469026 0.13569321533923304
0 0.7571902654867256 0.6858407079646017 0.11172566371681415 0.032448377581120944
0 0.5768805309734514 0.7433628318584071 0.18915929203539822 0.14749262536873156
0 0.5176991150442478 0.7809734513274337 0.13495575221238937 0.17994100294985252