0 0.14484978540772533 0.40257879656160456 0.12339055793991416 0.15616045845272206
0 0.053111587982832616 0.2148997134670487 0.10622317596566523 0.16045845272206305
0 0.06706008583690987 0.5515759312320917 0.10300429184549356 0.1303724928366762
0 0.5853004291845494 0.10458452722063037 0.07832618025751073 0.11031518624641834
0 0.5670600858369099 0.5458452722063037 0.10407725321888411 0.1518624641833811
0 0.8025751072961373 0.38896848137535817 0.1781115879828326 0.25787965616045844
0 0.8084763948497854 0.5687679083094556 0.09656652360515021 0.12320916905444126
0 0.6706008583690987 0.6310888252148997 0.08583690987124463 0.055873925501432664
0 0.1786480686695279 0.7571633237822349 0.15128755364806867 0.19627507163323782
0 0.10836909871244635 0.7972779369627507 0.1351931330472103 0.17621776504297995
0 0.20547210300429183 0.9670487106017192 0.10622317596566523 0.0659025787965616
0 0.9302575107296137 0.8216332378223495 0.11373390557939914 0.1518624641833811
0 0.526824034334764 0.6962750716332379 0.08583690987124463 0.07449856733524356