0 0.2538860103626943 0.43858131487889274 0.13212435233160622 0.08131487889273356
0 0.27979274611398963 0.03633217993079585 0.13730569948186527 0.0726643598615917
0 0.9870466321243523 0.3788927335640138 0.025906735751295335 0.14186851211072665
0 0.6295336787564767 0.14100346020761245 0.20984455958549222 0.2820069204152249
0 0.7130829015544041 0.03027681660899654 0.12823834196891193 0.06055363321799308
0 0.9637305699481865 0.05363321799307959 0.07253886010362694 0.10726643598615918
0 0.2927461139896373 0.9472318339100346 0.10621761658031088 0.10553633217993079
0 0.021373056994818652 0.5631487889273357 0.042746113989637305 0.16782006920415224
0 0.11075129533678757 0.4982698961937716 0.11787564766839378 0.03806228373702422
0 0.2545336787564767 0.6098615916955017 0.12305699481865284 0.1695501730103806
0 0.8128238341968912 0.8114186851211073 0.1878238341968912 0.2698961937716263
0 0.5459844559585493 0.9108996539792388 0.05310880829015544 0.1782006920415225
0 0.5887305699481865 0.5458477508650519 0.13860103626943004 0.13321799307958476