0 0.10089974293059126 0.574486301369863 0.12210796915167095 0.09075342465753425
0 0.4222365038560411 0.07962328767123288 0.16323907455012854 0.15924657534246575
0 0.8264781491002571 0.2636986301369863 0.12982005141388175 0.17294520547945205
0 0.02699228791773779 0.976027397260274 0.05398457583547558 0.04794520547945205
0 0.010282776349614395 0.771404109589041 0.02056555269922879 0.3030821917808219
0 0.4273778920308483 0.9597602739726028 0.09640102827763496 0.08047945205479452
0 0.6266066838046273 0.7508561643835616 0.02442159383033419 0.24143835616438356
0 0.15038560411311053 0.6720890410958904 0.15424164524421594 0.10445205479452055
0 0.9967866323907455 0.8827054794520548 0.006426735218508998 0.07363013698630137
0 0.9543701799485861 0.8184931506849316 0.08354755784061697 0.15924657534246575
0 0.852827763496144 0.7080479452054794 0.09125964010282776 0.14383561643835616