0 0.0711340206185567 0.47596153846153844 0.09484536082474226 0.10576923076923077
0 0.12422680412371134 0.5020604395604396 0.1515463917525773 0.05357142857142857
0 0.26649484536082474 0.31387362637362637 0.11855670103092783 0.15934065934065933
0 0.3036082474226804 0.08997252747252747 0.11855670103092783 0.15384615384615385
0 0.44432989690721647 0.07074175824175824 0.09587628865979382 0.1304945054945055
0 0.843298969072165 0.1936813186813187 0.14742268041237114 0.2129120879120879
0 0.6474226804123712 0.02197802197802198 0.12164948453608247 0.04395604395604396
0 0.030927835051546393 0.7767857142857143 0.061855670103092786 0.15796703296703296
0 0.19175257731958764 0.5782967032967034 0.10309278350515463 0.0989010989010989
0 0.34896907216494844 0.617445054945055 0.1824742268041237 0.1771978021978022
0 0.44329896907216493 0.6009615384615384 0.14432989690721648 0.14423076923076922
0 0.6530927835051547 0.9464285714285714 0.11237113402061856 0.10714285714285714
0 0.6 0.7548076923076923 0.09278350515463918 0.12362637362637363
0 0.6845360824742268 0.7699175824175825 0.10103092783505155 0.13324175824175824
0 0.9551546391752578 0.5885989010989011 0.08969072164948454 0.11950549450549451