0 0.0979381443298969 0.33379120879120877 0.10412371134020619 0.12912087912087913
0 0.256701030927835 0.4230769230769231 0.11134020618556702 0.1510989010989011
0 0.261340206185567 0.07554945054945054 0.09381443298969072 0.1510989010989011
0 0.21185567010309278 0.1717032967032967 0.07216494845360824 0.10989010989010989
0 0.4747422680412371 0.4065934065934066 0.0711340206185567 0.18681318681318682
0 0.5742268041237113 0.40315934065934067 0.15670103092783505 0.1936813186813187
0 0.7448453608247423 0.4581043956043956 0.08556701030927835 0.08379120879120878
0 0.6989690721649484 0.3592032967032967 0.13505154639175257 0.18543956043956045
0 0.5396907216494845 0.14972527472527472 0.07731958762886598 0.10714285714285714
0 0.98659793814433 0.32005494505494503 0.026804123711340205 0.1043956043956044
0 0.2737113402061856 0.779532967032967 0.08144329896907217 0.12225274725274725
0 0.26597938144329897 0.5851648351648352 0.09484536082474226 0.17032967032967034
0 0.10670103092783505 0.5473901098901099 0.13711340206185568 0.09478021978021978
0 0.6634020618556701 0.8695054945054945 0.11752577319587629 0.15934065934065933
0 0.5505154639175258 0.6806318681318682 0.10309278350515463 0.13186813186813187
0 0.6469072164948454 0.5432692307692307 0.09381443298969072 0.08653846153846154