0 0.15210176991150443 0.025073746312684365 0.12278761061946902 0.05014749262536873
0 0.35398230088495575 0.06489675516224189 0.2676991150442478 0.12979351032448377
0 0.4905973451327434 0.26253687315634217 0.11393805309734513 0.1504424778761062
0 0.06858407079646017 0.2485250737463127 0.13274336283185842 0.17846607669616518
0 0.1172566371681416 0.46607669616519176 0.13938053097345132 0.05309734513274336
0 0.3086283185840708 0.5 0.2743362831858407 0.12094395280235988
0 0.45851769911504425 0.6969026548672567 0.13827433628318583 0.17699115044247787
0 0.04811946902654867 0.7101769911504425 0.09623893805309734 0.17846607669616518
0 0.952433628318584 0.75 0.09513274336283185 0.1607669616519174
0 0.7887168141592921 0.6674041297935103 0.125 0.16666666666666666
0 0.6742256637168141 0.8252212389380531 0.15486725663716813 0.1873156342182891
0 0.7123893805309734 0.9535398230088495 0.11283185840707964 0.09292035398230089