0 0.015822784810126583 0.5723314606741573 0.03164556962025317 0.09410112359550561
0 0.061708860759493674 0.5926966292134831 0.12341772151898735 0.05337078651685393
0 0.1571729957805907 0.33918539325842695 0.10654008438818566 0.14606741573033707
0 0.14715189873417722 0.10884831460674158 0.10970464135021098 0.13764044943820225
0 0.2737341772151899 0.04915730337078652 0.08544303797468354 0.09831460674157304
0 0.48523206751054854 0.3967696629213483 0.03164556962025317 0.18398876404494383
0 0.5432489451476793 0.5035112359550562 0.14556962025316456 0.23174157303370788
0 0.679324894514768 0.5351123595505618 0.12869198312236288 0.16853932584269662
0 0.6302742616033755 0.24297752808988765 0.07278481012658228 0.10252808988764045
0 0.26582278481012656 0.6917134831460674 0.10864978902953587 0.13342696629213482
0 0.09440928270042194 0.6495786516853933 0.10654008438818566 0.060393258426966294
0 0.8444092827004219 0.6439606741573034 0.11075949367088607 0.04915730337078652