0 0.42116630669546434 0.2802593659942363 0.11663066954643629 0.0994236311239193
0 0.38228941684665224 0.24711815561959655 0.13390928725701945 0.16570605187319884
0 0.4449244060475162 0.04755043227665706 0.06911447084233262 0.09510086455331412
0 0.091792656587473 0.27017291066282423 0.06587473002159827 0.11671469740634005
0 0.8239740820734341 0.13328530259365995 0.08531317494600432 0.12536023054755044
0 0.7748380129589633 0.2521613832853026 0.13498920086393087 0.15561959654178675
0 0.42062634989200864 0.7211815561959655 0.11771058315334773 0.15129682997118155
0 0.44438444924406045 0.5324207492795389 0.07019438444924406 0.13688760806916425
0 0.24460043196544276 0.3753602305475504 0.13498920086393087 0.09077809798270893
0 0.791036717062635 0.9185878962536023 0.09071274298056156 0.13256484149855907
0 0.6371490280777538 0.9690201729106628 0.1101511879049676 0.06195965417867435
0 0.6409287257019438 0.6419308357348703 0.10043196544276457 0.16138328530259366
0 0.5464362850971922 0.4776657060518732 0.13390928725701945 0.26368876080691644
0 0.5 0.4164265129682997 0.04103671706263499 0.1729106628242075
0 0.9233261339092873 0.5129682997118156 0.07775377969762419 0.13544668587896252
0 0.6889848812095032 0.7521613832853026 0.07667386609071274 0.11671469740634005