0 0.02231237322515213 0.21013513513513513 0.04462474645030426 0.12567567567567567
0 0.06896551724137931 0.14189189189189189 0.08417849898580122 0.11621621621621622
0 0.1257606490872211 0.12567567567567567 0.10649087221095335 0.12702702702702703
0 0.22413793103448276 0.05067567567567568 0.07910750507099391 0.10135135135135136
0 0.48377281947261663 0.22702702702702704 0.13184584178498987 0.1837837837837838
0 0.4143002028397566 0.1 0.11257606490872211 0.16486486486486487
0 0.5856997971602435 0.09391891891891892 0.0720081135902637 0.12297297297297298
0 0.640973630831643 0.04527027027027027 0.09939148073022312 0.09054054054054055
0 0.9482758620689655 0.27297297297297296 0.10344827586206896 0.0918918918918919
0 0.941683569979716 0.033783783783783786 0.11663286004056796 0.06756756756756757
0 0.04107505070993915 0.9135135135135135 0.0821501014198783 0.14324324324324325
0 0.028904665314401622 0.6810810810810811 0.057809330628803245 0.15675675675675677
0 0.23580121703853954 0.7425675675675676 0.11561866125760649 0.13783783783783785
0 0.35953346855983775 0.6256756756756757 0.21602434077079108 0.2445945945945946
0 0.43914807302231235 0.5472972972972973 0.13995943204868155 0.1918918918918919
0 0.531947261663286 0.8993243243243243 0.035496957403651115 0.20135135135135135
0 0.5172413793103449 0.720945945945946 0.06490872210953347 0.1527027027027027
0 0.6252535496957403 0.7452702702702703 0.1511156186612576 0.2445945945945946
0 0.6637931034482759 0.6635135135135135 0.13995943204868155 0.1918918918918919
0 0.6196754563894523 0.3290540540540541 0.13995943204868155 0.02027027027027027
0 0.8062880324543611 0.9594594594594594 0.13793103448275862 0.08108108108108109
0 0.7545638945233266 0.8472972972972973 0.10141987829614604 0.1527027027027027
0 0.962474645030426 0.9763513513513513 0.07505070993914807 0.0472972972972973
0 0.9371196754563894 0.7871621621621622 0.1257606490872211 0.22297297297297297
0 0.9842799188640974 0.6864864864864865 0.03144016227180527 0.23243243243243245