0 0.06636155606407322 0.038871951219512195 0.09839816933638444 0.07774390243902439
0 0.08180778032036613 0.09984756097560976 0.10640732265446225 0.1600609756097561
0 0.14816933638443935 0.24771341463414634 0.08810068649885583 0.11890243902439024
0 0.255720823798627 0.4260670731707317 0.18878718535469108 0.14786585365853658
0 0.3392448512585812 0.47103658536585363 0.10640732265446225 0.057926829268292686
0 0.10926773455377574 0.47484756097560976 0.13844393592677345 0.05030487804878049
0 0.5863844393592678 0.053353658536585365 0.07437070938215103 0.10670731707317073
0 0.6664759725400458 0.22179878048780488 0.1956521739130435 0.2774390243902439
0 0.7528604118993135 0.2888719512195122 0.14759725400457666 0.19359756097560976
0 0.5875286041189931 0.3742378048780488 0.07665903890160183 0.1600609756097561
0 0.32494279176201374 0.680640243902439 0.10640732265446225 0.14939024390243902
0 0.5051487414187643 0.9001524390243902 0.08810068649885583 0.19969512195121952
0 0.09324942791762014 0.5746951219512195 0.14759725400457666 0.14939024390243902
0 0.03318077803203661 0.65625 0.06636155606407322 0.20579268292682926
0 0.08867276887871854 0.756859756097561 0.12128146453089245 0.1600609756097561
0 0.1945080091533181 0.8475609756097561 0.13157894736842105 0.16615853658536586
0 0.6464530892448512 0.8414634146341463 0.14073226544622425 0.18140243902439024
0 0.7751716247139588 0.6730182926829268 0.13386727688787187 0.18140243902439024
0 0.7048054919908466 0.9717987804878049 0.11670480549199085 0.056402439024390245