0 0.4730142566191446 0.17459239130434784 0.08961303462321792 0.12228260869565218
0 0.4119144602851324 0.08899456521739131 0.0845213849287169 0.10733695652173914
0 0.39154786150712834 0.042798913043478264 0.08859470468431772 0.08559782608695653
0 0.31720977596741345 0.24932065217391305 0.0824847250509165 0.09918478260869565
0 0.8075356415478615 0.21263586956521738 0.12016293279022404 0.13858695652173914
0 0.8492871690427699 0.15081521739130435 0.09368635437881874 0.09103260869565218
0 0.5779022403258656 0.811141304347826 0.07942973523421588 0.10597826086956522
0 0.2230142566191446 0.6379076086956522 0.109979633401222 0.14130434782608695
0 0.6843177189409368 0.3736413043478261 0.09470468431771895 0.12092391304347826
0 0.5819755600814664 0.5278532608695652 0.09164969450101833 0.12907608695652173
0 0.37219959266802444 0.3953804347826087 0.14562118126272913 0.1875
0 0.9786150712830958 0.7099184782608695 0.04276985743380855 0.13994565217391305
0 0.9383910386965377 0.5910326086956522 0.09063136456211812 0.13179347826086957
0 0.8273930753564155 0.40353260869565216 0.15580448065173116 0.20923913043478262
0 0.7708757637474541 0.38247282608695654 0.06313645621181263 0.13179347826086957
0 0.9419551934826884 0.3451086956521739 0.11608961303462322 0.09239130434782608
0 0.9373727087576375 0.9483695652173914 0.06822810590631365 0.08288043478260869