0 0.6022954091816367 0.5465425531914894 0.054890219560878244 0.026595744680851064
0 0.532435129740519 0.523936170212766 0.0748502994011976 0.07180851063829788
0 0.5738522954091816 0.03856382978723404 0.10578842315369262 0.07712765957446809
0 0.41367265469061876 0.04055851063829787 0.11676646706586827 0.08111702127659574
0 0.36826347305389223 0.19481382978723405 0.09580838323353294 0.11569148936170212
0 0.22904191616766467 0.25731382978723405 0.10978043912175649 0.13430851063829788
0 0.6511976047904192 0.4587765957446808 0.04291417165668663 0.13031914893617022
0 0.874251497005988 0.22872340425531915 0.08582834331337326 0.11569148936170212
0 0.7440119760479041 0.03523936170212766 0.0748502994011976 0.07047872340425532
0 0.7075848303393214 0.523936170212766 0.05189620758483034 0.07180851063829788
0 0.10828343313373254 0.9401595744680851 0.11077844311377245 0.1196808510638298
0 0.0374251497005988 0.9468085106382979 0.0748502994011976 0.10638297872340426
0 0.4780439121756487 0.8523936170212766 0.08582834331337326 0.11569148936170212
0 0.39520958083832336 0.601063829787234 0.1157684630738523 0.08244680851063829
0 0.34780439121756485 0.644281914893617 0.0748502994011976 0.09973404255319149
0 0.2090818363273453 0.6382978723404256 0.12674650698602793 0.11835106382978723
0 0.12225548902195608 0.7792553191489362 0.09780439121756487 0.08377659574468085
0 0.685129740518962 0.6928191489361702 0.07984031936127745 0.10372340425531915
0 0.9895209580838323 0.682845744680851 0.020958083832335328 0.08909574468085106