0 0.5173031026252983 0.43710191082802546 0.12529832935560858 0.25636942675159236
0 0.44272076372315033 0.4737261146496815 0.1360381861575179 0.2914012738853503
0 0.26670644391408116 0.5421974522292994 0.08353221957040573 0.15127388535031847
0 0.17124105011933174 0.5151273885350318 0.06324582338902147 0.09235668789808917
0 0.11276849642004773 0.14888535031847133 0.05847255369928401 0.11305732484076433
0 0.5441527446300716 0.11624203821656051 0.07159904534606205 0.11464968152866242
0 0.7565632458233891 0.35668789808917195 0.11694510739856802 0.160828025477707
0 0.7183770883054893 0.07802547770700637 0.09904534606205251 0.13535031847133758
0 0.8752983293556086 0.024681528662420384 0.09427207637231504 0.04936305732484077
0 0.1175417661097852 0.7014331210191083 0.15871121718377088 0.15764331210191082
0 0.19809069212410502 0.8885350318471338 0.12291169451073986 0.11305732484076433
0 0.3926014319809069 0.6998407643312102 0.1288782816229117 0.160828025477707
0 0.5262529832935561 0.6823248407643312 0.10023866348448687 0.12579617834394904
0 0.5632458233890215 0.6576433121019108 0.025059665871121718 0.06210191082802548
0 0.7720763723150358 0.7953821656050956 0.11217183770883055 0.14968152866242038