0 0.04027504911591356 0.43324607329842935 0.08055009823182711 0.112565445026178
0 0.11051080550098231 0.11845549738219895 0.06777996070726916 0.13089005235602094
0 0.2406679764243615 0.06479057591623037 0.1100196463654224 0.12958115183246074
0 0.3241650294695481 0.0274869109947644 0.11198428290766209 0.0549738219895288
0 0.5663064833005894 0.21727748691099477 0.04911591355599214 0.2238219895287958
0 0.525049115913556 0.35143979057591623 0.05304518664047151 0.08115183246073299
0 0.8369351669941061 0.35013089005235604 0.10019646365422397 0.12041884816753927
0 0.17583497053045186 0.6583769633507853 0.11886051080550099 0.11780104712041885
0 0.39636542239685657 0.6053664921465969 0.09332023575638507 0.10863874345549739
0 0.7038310412573674 0.7362565445026178 0.10903732809430255 0.18717277486910994
0 0.8919449901768173 0.600130890052356 0.07170923379174853 0.09816753926701571
0 0.9543222003929273 0.7539267015706806 0.07367387033398821 0.10863874345549739
0 0.7671905697445972 0.6295811518324608 0.09135559921414538 0.112565445026178