0 0.6123417721518988 0.032303370786516857 0.0938818565400844 0.06460674157303371
0 0.2721518987341772 0.09129213483146068 0.1962025316455696 0.18258426966292135
0 0.17563291139240506 0.056179775280898875 0.1529535864978903 0.11235955056179775
0 0.06329113924050633 0.1973314606741573 0.10232067510548523 0.13764044943820225
0 0.3808016877637131 0.5189606741573034 0.09071729957805907 0.0800561797752809
0 0.4229957805907173 0.523876404494382 0.09282700421940929 0.0702247191011236
0 0.41244725738396626 0.14396067415730338 0.11392405063291139 0.14747191011235955
0 0.6213080168776371 0.26825842696629215 0.0759493670886076 0.13764044943820225
0 0.05485232067510549 0.4002808988764045 0.10970464135021098 0.1853932584269663
0 0.9525316455696202 0.4683988764044944 0.0949367088607595 0.18117977528089887
0 0.9251054852320675 0.30969101123595505 0.14978902953586498 0.2542134831460674
0 0.9208860759493671 0.06952247191011236 0.12025316455696203 0.13904494382022473
0 0.8502109704641351 0.1797752808988764 0.1540084388185654 0.2050561797752809
0 0.7621308016877637 0.4606741573033708 0.08860759493670886 0.11797752808988764
0 0.47732067510548526 0.8742977528089888 0.10654008438818566 0.14325842696629212
0 0.3206751054852321 0.9550561797752809 0.10548523206751055 0.0898876404494382
0 0.12130801687763713 0.761938202247191 0.1571729957805907 0.21067415730337077
0 0.02531645569620253 0.9557584269662921 0.05063291139240506 0.08848314606741572
0 0.7774261603375527 0.9143258426966292 0.1350210970464135 0.17134831460674158