0 0.158311345646438 0.26936619718309857 0.14511873350923482 0.1813380281690141
0 0.8245382585751979 0.1073943661971831 0.11477572559366754 0.16725352112676056
0 0.5771767810026385 0.05897887323943662 0.09366754617414248 0.11795774647887323
0 0.5692612137203166 0.24471830985915494 0.12005277044854881 0.176056338028169
0 0.695910290237467 0.3028169014084507 0.14643799472295516 0.13380281690140844
0 0.4656992084432718 0.7535211267605634 0.0870712401055409 0.17253521126760563
0 0.06596306068601583 0.573943661971831 0.12928759894459102 0.15492957746478872
0 0.05013192612137203 0.8653169014084507 0.10026385224274406 0.16725352112676056
0 0.6701846965699209 0.39172535211267606 0.14775725593667546 0.04401408450704225
0 0.6319261213720316 0.5528169014084507 0.11213720316622691 0.16725352112676056
0 0.8931398416886543 0.789612676056338 0.16358839050131926 0.20950704225352113
0 0.5408970976253298 0.7931338028169014 0.0633245382585752 0.1813380281690141