0 0.14868951612903225 0.06317204301075269 0.08165322580645161 0.12634408602150538
0 0.6834677419354839 0.06922043010752688 0.15725806451612903 0.13844086021505375
0 0.9647177419354839 0.13440860215053763 0.07056451612903226 0.14516129032258066
0 0.9017137096774194 0.19623655913978494 0.12096774193548387 0.16129032258064516
0 0.07711693548387097 0.9301075268817204 0.1159274193548387 0.13978494623655913
0 0.6008064516129032 0.44086021505376344 0.11189516129032258 0.15053763440860216
0 0.5493951612903226 0.6370967741935484 0.1844758064516129 0.24731182795698925
0 0.4904233870967742 0.7278225806451613 0.1461693548387097 0.19489247311827956
0 0.22933467741935484 0.7432795698924731 0.07963709677419355 0.20430107526881722
0 0.8966733870967742 0.38306451612903225 0.1028225806451613 0.13709677419354838
0 0.9470766129032258 0.6626344086021505 0.10584677419354839 0.17473118279569894
0 0.8986895161290323 0.6545698924731183 0.1159274193548387 0.1532258064516129
0 0.7913306451612904 0.7869623655913979 0.14919354838709678 0.1975806451612903
0 0.6612903225806451 0.7594086021505376 0.11693548387096774 0.15456989247311828
0 0.20262096774193547 0.5893817204301075 0.02620967741935484 0.16801075268817203
0 0.6144153225806451 0.34475806451612906 0.10383064516129033 0.07123655913978495
0 0.8639112903225806 0.834005376344086 0.07459677419354839 0.0967741935483871