0 0.2524630541871921 0.19654605263157895 0.18226600985221675 0.33223684210526316
0 0.19273399014778325 0.32319078947368424 0.1564039408866995 0.23190789473684212
0 0.6693349753694581 0.21957236842105263 0.059113300492610835 0.1069078947368421
0 0.36637931034482757 0.054276315789473686 0.1145320197044335 0.10855263157894737
0 0.7185960591133005 0.1981907894736842 0.038177339901477834 0.17269736842105263
0 0.6293103448275862 0.46957236842105265 0.10098522167487685 0.02138157894736842
0 0.5966748768472906 0.524671052631579 0.11206896551724138 0.13157894736842105
0 0.5289408866995073 0.6595394736842105 0.09359605911330049 0.12664473684210525
0 0.4039408866995074 0.8832236842105263 0.19950738916256158 0.23355263157894737
0 0.3146551724137931 0.9251644736842105 0.12438423645320197 0.14967105263157895
0 0.5523399014778325 0.9457236842105263 0.14901477832512317 0.10855263157894737
0 0.9716748768472906 0.6850328947368421 0.05665024630541872 0.16611842105263158
0 0.7697044334975369 0.8421052631578947 0.14039408866995073 0.23026315789473684