0 0.019668737060041408 0.125 0.039337474120082816 0.16988950276243095
0 0.43685300207039335 0.3328729281767956 0.08488612836438923 0.14917127071823205
0 0.5367494824016563 0.025552486187845305 0.11490683229813664 0.05110497237569061
0 0.6992753623188406 0.08080110497237569 0.13354037267080746 0.16160220994475138
0 0.7593167701863354 0.3011049723756906 0.2546583850931677 0.3383977900552486
0 0.967391304347826 0.3860497237569061 0.06521739130434782 0.1781767955801105
0 0.18115942028985507 0.863950276243094 0.10662525879917184 0.14226519337016574
0 0.5284679089026915 0.5711325966850829 0.09834368530020704 0.14226519337016574
0 0.6884057971014492 0.75 0.10559006211180125 0.1408839779005525
0 0.8364389233954451 0.6319060773480663 0.10351966873706005 0.13812154696132597
0 0.9824016563146998 0.8273480662983426 0.035196687370600416 0.20718232044198895