0 0.2692307692307692 0.43460264900662254 0.0794044665012407 0.15066225165562913
0 0.412531017369727 0.3228476821192053 0.07320099255583126 0.2913907284768212
0 0.02295285359801489 0.13658940397350994 0.04590570719602978 0.13079470198675497
0 0.41997518610421836 0.04718543046357616 0.05831265508684864 0.09437086092715231
0 0.5142679900744417 0.24503311258278146 0.1054590570719603 0.14072847682119205
0 0.4851116625310174 0.041390728476821195 0.07196029776674938 0.08278145695364239
0 0.06885856079404466 0.9701986754966887 0.13771712158808933 0.059602649006622516
0 0.19292803970223324 0.9536423841059603 0.20967741935483872 0.09271523178807947
0 0.19851116625310175 0.6001655629139073 0.0880893300248139 0.1076158940397351
0 0.08436724565756824 0.7317880794701986 0.06451612903225806 0.10596026490066225
0 0.5130272952853598 0.9619205298013245 0.10049627791563276 0.076158940397351
0 0.5732009925558312 0.831953642384106 0.0967741935483871 0.12086092715231789
0 0.652605459057072 0.9561258278145696 0.1513647642679901 0.08774834437086093