0 0.09899749373433583 0.4005016722408027 0.19799498746867167 0.19899665551839466
0 0.19486215538847118 0.44816053511705684 0.17919799498746866 0.10367892976588629
0 0.18483709273182958 0.061036789297658864 0.18170426065162906 0.12207357859531773
0 0.2136591478696742 0.24247491638795987 0.14160401002506265 0.1705685618729097
0 0.4724310776942356 0.2600334448160535 0.12781954887218044 0.16220735785953178
0 0.6259398496240601 0.07608695652173914 0.11904761904761904 0.15217391304347827
0 0.906641604010025 0.23244147157190637 0.18671679197994986 0.2391304347826087
0 0.12218045112781954 0.9055183946488294 0.10776942355889724 0.15217391304347827
0 0.4066416040100251 0.9523411371237458 0.12907268170426064 0.09531772575250837
0 0.881578947368421 0.9423076923076923 0.14411027568922305 0.11538461538461539
0 0.7142857142857143 0.7976588628762542 0.14536340852130325 0.1939799331103679
0 0.7656641604010025 0.5819397993311036 0.17794486215538846 0.16387959866220736
0 0.8865914786967418 0.5459866220735786 0.11152882205513784 0.09197324414715718
0 0.36278195488721804 0.7951505016722408 0.046365914786967416 0.11872909698996656