0 0.3551502145922747 0.06876790830945559 0.2145922746781116 0.13753581661891118
0 0.2548283261802575 0.0673352435530086 0.1555793991416309 0.1346704871060172
0 0.8540772532188842 0.05730659025787966 0.1072961373390558 0.11461318051575932
0 0.5139484978540773 0.1819484240687679 0.04935622317596566 0.10028653295128939
0 0.6609442060085837 0.24212034383954154 0.16416309012875535 0.2177650429799427
0 0.5354077253218884 0.2621776504297994 0.09227467811158799 0.12607449856733524
0 0.35783261802575106 0.5508595988538681 0.11158798283261803 0.1504297994269341
0 0.17757510729613735 0.7657593123209169 0.15879828326180256 0.21203438395415472
0 0.03111587982832618 0.7177650429799427 0.06223175965665236 0.10601719197707736
0 0.7135193133047211 0.9598853868194842 0.10300429184549356 0.08022922636103152
0 0.592274678111588 0.8545845272206304 0.1459227467811159 0.2163323782234957
0 0.9372317596566524 0.6318051575931232 0.10193133047210301 0.1346704871060172
0 0.7355150214592274 0.4584527220630373 0.1276824034334764 0.03724928366762178
0 0.6131974248927039 0.6432664756446992 0.17167381974248927 0.22922636103151864