0 0.048687089715536105 0.021137026239067054 0.09737417943107221 0.04227405247813411
0 0.048687089715536105 0.18221574344023322 0.09737417943107221 0.13119533527696792
0 0.31400437636761486 0.4067055393586006 0.12472647702407003 0.0641399416909621
0 0.43982494529540483 0.31997084548104954 0.14442013129102846 0.18221574344023322
0 0.7133479212253829 0.29518950437317787 0.1050328227571116 0.12536443148688048
0 0.16301969365426697 0.706997084548105 0.11050328227571116 0.15014577259475217
0 0.24781181619256018 0.8177842565597667 0.10393873085339168 0.13411078717201166
0 0.2817286652078775 0.652332361516035 0.15426695842450766 0.21137026239067055
0 0.3949671772428884 0.5298833819241983 0.18161925601750548 0.18221574344023322
0 0.6269146608315098 0.6603498542274052 0.0525164113785558 0.08163265306122448
0 0.8293216630196937 0.5393586005830904 0.11597374179431072 0.1618075801749271
0 0.949671772428884 0.8221574344023324 0.09737417943107221 0.15743440233236153
0 0.7040481400437637 0.793002915451895 0.10284463894967177 0.12682215743440234