0 0.30817972350230416 0.11076923076923077 0.13248847926267282 0.1723076923076923
0 0.1676267281105991 0.03 0.1347926267281106 0.06
0 0.04838709677419355 0.06153846153846154 0.0967741935483871 0.12307692307692308
0 0.9844470046082949 0.2823076923076923 0.03110599078341014 0.17692307692307693
0 0.8024193548387096 0.19153846153846155 0.1347926267281106 0.17846153846153845
0 0.6486175115207373 0.04692307692307692 0.11290322580645161 0.09384615384615384
0 0.538594470046083 0.15307692307692308 0.0587557603686636 0.14615384615384616
0 0.2436635944700461 0.51 0.12096774193548387 0.14
0 0.09389400921658986 0.4753846153846154 0.10944700460829493 0.07076923076923076
0 0.9637096774193549 0.6646153846153846 0.07258064516129033 0.11384615384615385
0 0.8087557603686636 0.8376923076923077 0.1889400921658986 0.24153846153846154
0 0.7943548387096774 0.9423076923076923 0.10253456221198157 0.11538461538461539
0 0.5581797235023042 0.49538461538461537 0.097926267281106 0.11076923076923077
0 0.6549539170506913 0.5307692307692308 0.14400921658986174 0.18153846153846154
0 0.7517281105990783 0.6484615384615384 0.1175115207373272 0.18307692307692308