0 0.39153132250580047 0.1393188854489164 0.1148491879350348 0.2786377708978328
0 0.32076566125290024 0.12461300309597523 0.1519721577726218 0.21207430340557276
0 0.14617169373549885 0.43188854489164086 0.07888631090487239 0.09597523219814241
0 0.5220417633410673 0.43808049535603716 0.0765661252900232 0.08359133126934984
0 0.7308584686774942 0.15092879256965944 0.1751740139211137 0.2631578947368421
0 0.8271461716937355 0.18111455108359134 0.20185614849187936 0.3498452012383901
0 0.9663573085846868 0.12074303405572756 0.06728538283062645 0.17027863777089783
0 0.10730858468677494 0.9589783281733746 0.10556844547563805 0.08204334365325078
0 0.02842227378190255 0.9411764705882353 0.0568445475638051 0.11764705882352941
0 0.031902552204176336 0.8219814241486069 0.06380510440835267 0.2786377708978328
0 0.3996519721577726 0.6795665634674922 0.09860788863109049 0.1393188854489164
0 0.07424593967517401 0.5975232198142415 0.14849187935034802 0.23529411764705882
0 0.8718097447795824 0.7105263157894737 0.08004640371229699 0.1346749226006192
0 0.6676334106728539 0.81656346749226 0.1345707656612529 0.17182662538699692
0 0.5730858468677494 0.651702786377709 0.10556844547563805 0.15170278637770898
0 0.7465197215777262 0.5092879256965944 0.1148491879350348 0.058823529411764705