0 0.38847117794486213 0.2683946488294314 0.16040100250626566 0.061872909698996656
0 0.19423558897243107 0.10033444816053512 0.15789473684210525 0.20066889632107024
0 0.893483709273183 0.07274247491638795 0.14786967418546365 0.1454849498327759
0 0.5363408521303258 0.09531772575250837 0.09273182957393483 0.19063545150501673
0 0.3226817042606516 0.5618729096989966 0.11403508771929824 0.15551839464882944
0 0.32894736842105265 0.7341137123745819 0.22055137844611528 0.2976588628762542
0 0.05137844611528822 0.4222408026755853 0.10275689223057644 0.205685618729097
0 0.25626566416040103 0.8954849498327759 0.24436090225563908 0.20903010033444816
0 0.8088972431077694 0.3695652173913043 0.13659147869674185 0.14046822742474915
0 0.6215538847117794 0.4297658862876254 0.22556390977443608 0.2608695652173913
0 0.5551378446115288 0.4899665551839465 0.13032581453634084 0.2408026755852843
0 0.5269423558897243 0.9222408026755853 0.07393483709273183 0.15551839464882944
0 0.6140350877192983 0.9807692307692307 0.15538847117794485 0.038461538461538464
0 0.9323308270676691 0.362876254180602 0.12781954887218044 0.12709030100334448