0 0.3193127962085308 0.33306962025316456 0.03909952606635071 0.21360759493670886
0 0.20734597156398105 0.32436708860759494 0.13507109004739337 0.19145569620253164
0 0.09537914691943128 0.495253164556962 0.1504739336492891 0.18670886075949367
0 0.9419431279620853 0.03401898734177215 0.11611374407582939 0.0680379746835443
0 0.955568720379147 0.31566455696202533 0.08886255924170616 0.17246835443037975
0 0.8803317535545023 0.21044303797468356 0.1386255924170616 0.21360759493670886
0 0.7215639810426541 0.21123417721518986 0.11966824644549763 0.17088607594936708
0 0.6066350710900474 0.3837025316455696 0.1504739336492891 0.21044303797468356
0 0.2381516587677725 0.7199367088607594 0.14336492890995262 0.22943037974683544
0 0.08886255924170616 0.7697784810126582 0.11255924170616113 0.1787974683544304
0 0.3193127962085308 0.7318037974683544 0.03909952606635071 0.1439873417721519
0 0.6605450236966824 0.6329113924050633 0.17654028436018956 0.08860759493670886
0 0.7369668246445498 0.9382911392405063 0.11374407582938388 0.12341772151898735
0 0.9443127962085308 0.6305379746835443 0.11137440758293839 0.08386075949367089