0 0.2595465393794749 0.28503184713375795 0.10143198090692124 0.1735668789808917
0 0.39498806682577564 0.13694267515923567 0.16706443914081145 0.27388535031847133
0 0.493436754176611 0.07722929936305732 0.15393794749403342 0.15445859872611464
0 0.19451073985680192 0.36863057324840764 0.07875894988066826 0.08121019108280254
0 0.948090692124105 0.2372611464968153 0.10381861575178998 0.23248407643312102
0 0.6843675417661098 0.24044585987261147 0.09307875894988067 0.1624203821656051
0 0.3031026252983294 0.9482484076433121 0.10023866348448687 0.1035031847133758
0 0.05847255369928401 0.8089171974522293 0.11694510739856802 0.25477707006369427
0 0.017899761336515514 0.5644904458598726 0.03579952267303103 0.1321656050955414
0 0.15035799522673032 0.4681528662420382 0.1026252983293556 0.1178343949044586
0 0.26431980906921243 0.5628980891719745 0.12529832935560858 0.1624203821656051
0 0.513126491646778 0.5684713375796179 0.16348448687350836 0.22452229299363058
0 0.6885441527446301 0.4896496815286624 0.11217183770883055 0.1464968152866242