0 0.16591928251121077 0.22979041916167664 0.11210762331838565 0.12874251497005987
0 0.3660313901345291 0.1339820359281437 0.0257847533632287 0.1092814371257485
0 0.6877802690582959 0.10853293413173652 0.08071748878923767 0.10479041916167664
0 0.024103139013452915 0.8375748502994012 0.04820627802690583 0.09431137724550898
0 0.09024663677130045 0.5898203592814372 0.16031390134529147 0.19760479041916168
0 0.06053811659192825 0.4820359281437126 0.08520179372197309 0.11526946107784432
0 0.3475336322869955 0.9588323353293413 0.06278026905829596 0.08233532934131736
0 0.32903587443946186 0.7694610778443114 0.09977578475336323 0.19461077844311378
0 0.20515695067264575 0.7148203592814372 0.09192825112107623 0.16167664670658682
0 0.45403587443946186 0.9820359281437125 0.06950672645739911 0.03592814371257485
0 0.554372197309417 0.9258982035928144 0.09080717488789238 0.12724550898203593
0 0.42376681614349776 0.8824850299401198 0.08968609865470852 0.1601796407185629
0 0.7415919282511211 0.4595808383233533 0.10426008968609865 0.08083832335329341
0 0.8054932735426009 0.6452095808383234 0.09977578475336323 0.12874251497005987
0 0.952354260089686 0.6841317365269461 0.0952914798206278 0.18562874251497005
0 0.9719730941704036 0.9161676646706587 0.05605381165919283 0.1497005988023952