0 0.3548387096774194 0.0492831541218638 0.12365591397849462 0.0985663082437276
0 0.18010752688172044 0.07168458781362007 0.16129032258064516 0.14336917562724014
0 0.5584677419354839 0.4068100358422939 0.06048387096774194 0.17562724014336917
0 0.665994623655914 0.14336917562724014 0.11559139784946236 0.17204301075268819
0 0.853494623655914 0.3064516129032258 0.125 0.15232974910394265
0 0.17540322580645162 0.6935483870967742 0.10215053763440861 0.13620071684587814
0 0.5443548387096774 0.5806451612903226 0.08870967741935484 0.1039426523297491
0 0.5638440860215054 0.9193548387096774 0.04973118279569892 0.16129032258064516
0 0.39314516129032256 0.9256272401433692 0.125 0.14874551971326164
0 0.6397849462365591 0.5501792114695341 0.10215053763440861 0.043010752688172046
0 0.6122311827956989 0.8870967741935484 0.04704301075268817 0.13620071684587814
0 0.8716397849462365 0.7517921146953405 0.12903225806451613 0.16666666666666666
0 0.8165322580645161 0.9086021505376344 0.13440860215053763 0.16845878136200718