0 0.13948497854077252 0.0666189111747851 0.1223175965665236 0.1332378223495702
0 0.3143776824034335 0.06303724928366762 0.10085836909871244 0.12607449856733524
0 0.27414163090128757 0.16404011461318052 0.10944206008583691 0.14613180515759314
0 0.9141630901287554 0.0651862464183381 0.12017167381974249 0.1303724928366762
0 0.7564377682403434 0.2922636103151863 0.09120171673819742 0.12177650429799428
0 0.018776824034334765 0.7034383954154728 0.03755364806866953 0.1346704871060172
0 0.023605150214592276 0.5308022922636103 0.04721030042918455 0.11604584527220631
0 0.16899141630901288 0.5 0.09334763948497854 0.12034383954154727
0 0.2494635193133047 0.6769340974212035 0.18562231759656653 0.2507163323782235
0 0.3648068669527897 0.8467048710601719 0.10836909871244635 0.14326647564469913
0 0.2607296137339056 0.9763610315186246 0.10515021459227468 0.04727793696275072
0 0.13894849785407726 0.9577363896848138 0.1276824034334764 0.08452722063037249
0 0.9613733905579399 0.7564469914040115 0.07725321888412018 0.17765042979942694
0 0.8760729613733905 0.9799426934097422 0.0890557939914163 0.04011461318051576
0 0.8599785407725322 0.9032951289398281 0.15128755364806867 0.19340974212034384
0 0.7317596566523605 0.8044412607449857 0.13841201716738197 0.1833810888252149
0 0.5869098712446352 0.8832378223495702 0.15450643776824036 0.20630372492836677