0 0.28164556962025317 0.49087078651685395 0.229957805907173 0.23735955056179775
0 0.1909282700421941 0.523876404494382 0.16666666666666666 0.17134831460674158
0 0.3918776371308017 0.35814606741573035 0.11814345991561181 0.1404494382022472
0 0.3280590717299578 0.009129213483146067 0.08649789029535865 0.018258426966292134
0 0.2911392405063291 0.023174157303370788 0.09282700421940929 0.046348314606741575
0 0.03955696202531646 0.40098314606741575 0.07911392405063292 0.1446629213483146
0 0.02109704641350211 0.20224719101123595 0.04219409282700422 0.18820224719101122
0 0.9688818565400844 0.29985955056179775 0.06223628691983123 0.15589887640449437
0 0.8818565400843882 0.2907303370786517 0.10654008438818566 0.1446629213483146
0 0.9145569620253164 0.44592696629213485 0.17088607594936708 0.24859550561797752
0 0.6070675105485233 0.2949438202247191 0.12130801687763713 0.16151685393258428
0 0.5337552742616034 0.1404494382022472 0.06751054852320675 0.18258426966292135
0 0.9055907172995781 0.5561797752808989 0.18037974683544303 0.10674157303370786
0 0.36603375527426163 0.714185393258427 0.08227848101265822 0.10955056179775281
0 0.24630801687763712 0.6551966292134831 0.0981012658227848 0.09129213483146068
0 0.10654008438818566 0.8862359550561798 0.0949367088607595 0.11938202247191011
0 0.1930379746835443 0.9389044943820225 0.1371308016877637 0.12219101123595505
0 0.03533755274261603 0.6334269662921348 0.07067510548523206 0.047752808988764044
0 0.01529535864978903 0.7092696629213483 0.03059071729957806 0.14606741573033707
0 0.6228902953586498 0.9536516853932584 0.05063291139240506 0.04915730337078652
0 0.8317510548523207 0.6832865168539326 0.16139240506329114 0.14747191011235955