0 0.2553317535545024 0.0189873417721519 0.11729857819905214 0.0379746835443038
0 0.20319905213270142 0.12658227848101267 0.09360189573459715 0.1060126582278481
0 0.10426540284360189 0.08623417721518987 0.17061611374407584 0.17246835443037975
0 0.03376777251184834 0.5 0.06753554502369669 0.14240506329113925
0 0.38981042654028436 0.7982594936708861 0.04028436018957346 0.14082278481012658
0 0.15580568720379148 0.8560126582278481 0.14454976303317535 0.19145569620253164
0 0.7079383886255924 0.5759493670886076 0.13744075829383887 0.22151898734177214
0 0.9745260663507109 0.6036392405063291 0.0509478672985782 0.15981012658227847
0 0.4958530805687204 0.8512658227848101 0.10545023696682465 0.13765822784810128
0 0.9478672985781991 0.9248417721518988 0.0947867298578199 0.12183544303797468
0 0.840047393364929 0.9232594936708861 0.11611374407582939 0.15348101265822786