0 0.4045358649789029 0.336376404494382 0.03059071729957806 0.1306179775280899
0 0.1350210970464135 0.014044943820224719 0.09071729957805907 0.028089887640449437
0 0.09229957805907173 0.23595505617977527 0.12658227848101267 0.16573033707865167
0 0.290084388185654 0.39396067415730335 0.14556962025316456 0.17837078651685392
0 0.9013713080168776 0.037219101123595506 0.19725738396624473 0.07443820224719101
0 0.7774261603375527 0.238061797752809 0.09915611814345991 0.12921348314606743
0 0.739451476793249 0.07514044943820225 0.08122362869198312 0.11376404494382023
0 0.5764767932489452 0.07654494382022473 0.08860759493670886 0.12078651685393259
0 0.5184599156118144 0.26615168539325845 0.17616033755274263 0.24578651685393257
0 0.44936708860759494 0.4473314606741573 0.05907172995780591 0.125
0 0.6619198312236287 0.4922752808988764 0.12341772151898735 0.0351123595505618
0 0.024261603375527425 0.5709269662921348 0.04852320675105485 0.12219101123595505
0 0.0949367088607595 0.6018258426966292 0.16033755274261605 0.18398876404494383
0 0.2631856540084388 0.625 0.23734177215189872 0.2303370786516854
0 0.3728902953586498 0.9178370786516854 0.0938818565400844 0.16432584269662923
0 0.02267932489451477 0.8855337078651685 0.04535864978902954 0.16713483146067415
0 0.43829113924050633 0.8637640449438202 0.03691983122362869 0.16292134831460675
0 0.6550632911392406 0.5393258426966292 0.18143459915611815 0.05898876404494382
0 0.8080168776371308 0.8616573033707865 0.09282700421940929 0.125