0 0.38028953229398665 0.41964285714285715 0.19933184855233854 0.1636904761904762
0 0.35634743875278396 0.5595238095238095 0.13697104677060135 0.16517857142857142
0 0.17093541202672605 0.5677083333333334 0.08129175946547884 0.125
0 0.1492204899777283 0.024553571428571428 0.08240534521158129 0.049107142857142856
0 0.4220489977728285 0.20684523809523808 0.11469933184855234 0.1130952380952381
0 0.04398663697104677 0.4635416666666667 0.08797327394209355 0.1949404761904762
0 0.07071269487750557 0.7410714285714286 0.14142538975501115 0.05654761904761905
0 0.7611358574610245 0.37202380952380953 0.15812917594654788 0.17857142857142858
0 0.6380846325167038 0.05431547619047619 0.11804008908685969 0.10863095238095238
0 0.6564587973273942 0.7083333333333334 0.09910913140311804 0.12202380952380952
0 0.5116926503340757 0.34077380952380953 0.06347438752783964 0.1488095238095238
0 0.13474387527839643 0.8816964285714286 0.09799554565701558 0.11904761904761904
0 0.7076837416481069 0.8311011904761905 0.08797327394209355 0.12351190476190477
0 0.5428730512249443 0.9382440476190477 0.09910913140311804 0.11755952380952381