0 0.4757383966244726 0.3686797752808989 0.12447257383966245 0.10252808988764045
0 0.3760548523206751 0.37780898876404495 0.12763713080168776 0.08426966292134831
0 0.3813291139240506 0.19030898876404495 0.10021097046413502 0.10533707865168539
0 0.10126582278481013 0.09691011235955056 0.10548523206751055 0.06601123595505617
0 0.45622362869198313 0.042837078651685394 0.1339662447257384 0.08567415730337079
0 0.21677215189873417 0.09339887640449439 0.12025316455696203 0.12359550561797752
0 0.6893459915611815 0.273876404494382 0.07489451476793249 0.11797752808988764
0 0.5970464135021097 0.0976123595505618 0.07805907172995781 0.1952247191011236
0 0.26371308016877637 0.6109550561797753 0.12658227848101267 0.199438202247191
0 0.5 0.47542134831460675 0.09915611814345991 0.11095505617977527
0 0.03375527426160337 0.4803370786516854 0.06751054852320675 0.12078651685393259
0 0.930379746835443 0.5112359550561798 0.13924050632911392 0.18258426966292135
0 0.8565400843881856 0.5379213483146067 0.09915611814345991 0.12219101123595505
0 0.7579113924050633 0.9726123595505618 0.10443037974683544 0.054775280898876406