0 0.37450592885375494 0.05 0.08695652173913043 0.1
0 0.03260869565217391 0.1013157894736842 0.06521739130434782 0.2026315789473684
0 0.15069169960474307 0.4605263157894737 0.07213438735177866 0.10657894736842105
0 0.5474308300395256 0.023026315789473683 0.07509881422924901 0.046052631578947366
0 0.4481225296442688 0.05855263157894737 0.05632411067193676 0.11710526315789474
0 0.7356719367588933 0.42039473684210527 0.08596837944664032 0.13157894736842105
0 0.7722332015810277 0.20657894736842106 0.08300395256916997 0.10657894736842105
0 0.9150197628458498 0.16644736842105262 0.08893280632411067 0.14605263157894738
0 0.9792490118577075 0.25526315789473686 0.041501976284584984 0.11578947368421053
0 0.3695652173913043 0.575 0.08102766798418973 0.05
0 0.033102766798418976 0.906578947368421 0.06620553359683795 0.1868421052631579
0 0.6719367588932806 0.9447368421052632 0.12845849802371542 0.11052631578947368
0 0.7450592885375494 0.6368421052631579 0.09288537549407115 0.11973684210526316
0 0.9515810276679841 0.5631578947368421 0.09683794466403162 0.02631578947368421
0 0.9377470355731226 0.7618421052631579 0.08498023715415019 0.09736842105263158
0 0.9100790513833992 0.8789473684210526 0.08893280632411067 0.11578947368421053