0 0.41729323308270677 0.3729096989966555 0.16541353383458646 0.33444816053511706
0 0.44298245614035087 0.21739130434782608 0.11403508771929824 0.2508361204013378
0 0.3151629072681704 0.0451505016722408 0.12406015037593984 0.0903010033444816
0 0.040726817042606514 0.5 0.08145363408521303 0.09698996655518395
0 0.37468671679197996 0.5183946488294314 0.13784461152882205 0.06020066889632107
0 0.12656641604010024 0.05016722408026756 0.17293233082706766 0.10033444816053512
0 0.8120300751879699 0.5284280936454849 0.14786967418546365 0.04013377926421405
0 0.7149122807017544 0.42558528428093645 0.12280701754385964 0.16387959866220736
0 0.8765664160401002 0.09949832775919733 0.16666666666666666 0.19899665551839466
0 0.5532581453634086 0.27759197324414714 0.10651629072681704 0.19063545150501673
0 0.09335839598997493 0.7408026755852842 0.15037593984962405 0.19899665551839466
0 0.32456140350877194 0.6304347826086957 0.20050125313283207 0.16387959866220736
0 0.5413533834586466 0.6204013377926422 0.08270676691729323 0.14381270903010032
0 0.6221804511278195 0.7274247491638796 0.16791979949874686 0.22408026755852842