0 0.4605568445475638 0.02476780185758514 0.08816705336426914 0.04953560371517028
0 0.11890951276102088 0.0913312693498452 0.17053364269141533 0.1826625386996904
0 0.2117169373549884 0.23839009287925697 0.12645011600928074 0.15325077399380804
0 0.3990719257540603 0.456656346749226 0.13921113689095127 0.02476780185758514
0 0.22679814385150812 0.40944272445820434 0.16357308584686775 0.11919504643962849
0 0.6966357308584686 0.423374613003096 0.09860788863109049 0.0913312693498452
0 0.8445475638051044 0.26857585139318885 0.16125290023201855 0.20588235294117646
0 0.712877030162413 0.31965944272445823 0.08700696055684455 0.12538699690402477
0 0.509860788863109 0.5828173374613003 0.08468677494199536 0.11919504643962849
0 0.06728538283062645 0.8072755417956656 0.1345707656612529 0.20278637770897834
0 0.28364269141531323 0.934984520123839 0.11252900232018562 0.13003095975232198
0 0.5493039443155452 0.9380804953560371 0.16125290023201855 0.1238390092879257
0 0.8961716937354989 0.8397832817337462 0.12412993039443156 0.15479876160990713