0 0.3436754176610978 0.3678343949044586 0.15035799522673032 0.2197452229299363
0 0.376491646778043 0.2229299363057325 0.08472553699284009 0.1942675159235669
0 0.37410501193317425 0.5453821656050956 0.08949880668257756 0.04617834394904458
0 0.6921241050119332 0.46178343949044587 0.23389021479713604 0.21337579617834396
0 0.5035799522673031 0.5310509554140127 0.16945107398568018 0.07484076433121019
0 0.7362768496420048 0.15286624203821655 0.13723150357995226 0.1910828025477707
0 0.39200477326968974 0.7412420382165605 0.05369928400954654 0.21496815286624205
0 0.714200477326969 0.982484076433121 0.11336515513126491 0.03503184713375796
0 0.6748210023866349 0.6616242038216561 0.14200477326968974 0.18630573248407642
0 0.9134844868735084 0.9593949044585988 0.12291169451073986 0.08121019108280254
0 0.8836515513126492 0.6106687898089171 0.10143198090692124 0.08439490445859872