0 0.38588235294117645 0.03930817610062893 0.09647058823529411 0.07861635220125786
0 0.4835294117647059 0.24371069182389937 0.16588235294117648 0.19968553459119498
0 0.48411764705882354 0.3687106918238994 0.10470588235294118 0.139937106918239
0 0.7635294117647059 0.18160377358490565 0.08705882352941176 0.0959119496855346
0 0.6458823529411765 0.2028301886792453 0.11294117647058824 0.16037735849056603
0 0.9564705882352941 0.09827044025157233 0.08705882352941176 0.12106918238993711
0 0.13529411764705881 0.49292452830188677 0.18352941176470589 0.10849056603773585
0 0.039411764705882354 0.6981132075471698 0.07882352941176471 0.11949685534591195
0 0.15058823529411763 0.6627358490566038 0.13176470588235295 0.1650943396226415
0 0.37529411764705883 0.5007861635220126 0.07647058823529412 0.09433962264150944
0 0.6623529411764706 0.45125786163522014 0.11294117647058824 0.025157232704402517
0 0.6494117647058824 0.7193396226415094 0.07529411764705882 0.08018867924528301
0 0.9788235294117648 0.7531446540880503 0.042352941176470586 0.15723270440251572
0 0.9229411764705883 0.6580188679245284 0.15411764705882353 0.1430817610062893
0 0.9247058823529412 0.46540880503144655 0.11058823529411765 0.05345911949685535