0 0.13319672131147542 0.4378415300546448 0.18032786885245902 0.16256830601092895
0 0.2223360655737705 0.4323770491803279 0.14754098360655737 0.17349726775956284
0 0.29866803278688525 0.08401639344262295 0.11577868852459017 0.1680327868852459
0 0.20133196721311475 0.015710382513661202 0.08709016393442623 0.031420765027322405
0 0.4661885245901639 0.18579234972677597 0.07377049180327869 0.15027322404371585
0 0.5922131147540983 0.1359289617486339 0.19057377049180327 0.2718579234972678
0 0.6828893442622951 0.1366120218579235 0.1567622950819672 0.22540983606557377
0 0.7879098360655737 0.3510928961748634 0.10040983606557377 0.1284153005464481
0 0.7730532786885246 0.4924863387978142 0.13831967213114754 0.05327868852459016
0 0.9477459016393442 0.3729508196721312 0.10450819672131148 0.1912568306010929
0 0.3422131147540984 0.5724043715846995 0.10860655737704918 0.10655737704918032
0 0.06813524590163934 0.8326502732240437 0.10450819672131148 0.13387978142076504
0 0.19774590163934427 0.9562841530054644 0.09836065573770492 0.08743169398907104
0 0.38780737704918034 0.8387978142076503 0.08299180327868852 0.19672131147540983
0 0.44979508196721313 0.9474043715846995 0.040983606557377046 0.0778688524590164
0 0.5056352459016393 0.9398907103825137 0.09938524590163934 0.12021857923497267
0 0.6121926229508197 0.9378415300546448 0.09938524590163934 0.12431693989071038
0 0.7838114754098361 0.9023224043715847 0.17008196721311475 0.1953551912568306
0 0.8478483606557377 0.8504098360655737 0.12397540983606557 0.16256830601092895
0 0.9436475409836066 0.5443989071038251 0.04918032786885246 0.050546448087431695