0 0.34938524590163933 0.10245901639344263 0.05942622950819672 0.09836065573770492
0 0.3360655737704918 0.1953551912568306 0.0860655737704918 0.21584699453551912
0 0.3401639344262295 0.375 0.0778688524590164 0.15710382513661203
0 0.336577868852459 0.6461748633879781 0.08504098360655737 0.04644808743169399
0 0.27510245901639346 0.519808743169399 0.1362704918032787 0.20081967213114754
0 0.1839139344262295 0.5532786885245902 0.10655737704918032 0.16939890710382513
0 0.08504098360655737 0.6557377049180327 0.0471311475409836 0.0273224043715847
0 0.03790983606557377 0.3244535519125683 0.07581967213114754 0.12704918032786885
0 0.7633196721311475 0.6297814207650273 0.12704918032786885 0.07923497267759563
0 0.6285860655737705 0.43101092896174864 0.11372950819672131 0.15846994535519127
0 0.5 0.49453551912568305 0.10040983606557377 0.12431693989071038
0 0.4047131147540984 0.6229508196721312 0.05122950819672131 0.09289617486338798
0 0.1910860655737705 0.8538251366120219 0.13729508196721313 0.20491803278688525
0 0.24129098360655737 0.7096994535519126 0.1014344262295082 0.08060109289617487
0 0.02151639344262295 0.9494535519125683 0.0430327868852459 0.10109289617486339
0 0.03483606557377049 0.8524590163934426 0.06967213114754098 0.14207650273224043
0 0.9851434426229508 0.9357923497267759 0.02971311475409836 0.1284153005464481
0 0.764344262295082 0.9610655737704918 0.1168032786885246 0.0778688524590164
0 0.6352459016393442 0.8715846994535519 0.1915983606557377 0.22950819672131148
0 0.5773565573770492 0.7752732240437158 0.1413934426229508 0.19262295081967212
0 0.4984631147540984 0.953551912568306 0.1014344262295082 0.09289617486338798