0 0.6178781925343811 0.07526178010471204 0.043222003929273084 0.12696335078534032
0 0.4911591355599214 0.2054973821989529 0.09823182711198428 0.12696335078534032
0 0.31581532416502944 0.1537958115183246 0.22593320235756384 0.2238219895287958
0 0.15225933202357564 0.3606020942408377 0.09037328094302555 0.11780104712041885
0 0.518664047151277 0.46924083769633507 0.10412573673870335 0.14136125654450263
0 0.9425343811394892 0.3756544502617801 0.10805500982318271 0.13481675392670156
0 0.8659135559921415 0.1956806282722513 0.10019646365422397 0.1400523560209424
0 0.862475442043222 0.5032722513089005 0.09037328094302555 0.11125654450261781
0 0.5132612966601179 0.6210732984293194 0.07760314341846758 0.11387434554973822
0 0.4454813359528487 0.6858638743455497 0.07170923379174853 0.10209424083769633
0 0.41895874263261296 0.7558900523560209 0.07072691552062868 0.10863874345549739
0 0.19990176817288802 0.9692408376963351 0.13654223968565815 0.061518324607329845
0 0.980844793713163 0.5903141361256544 0.03831041257367387 0.06282722513089005
0 0.9233791748526523 0.8789267015706806 0.10019646365422397 0.1400523560209424