0 0.22606924643584522 0.05502717391304348 0.10386965376782077 0.11005434782608696
0 0.17362525458248473 0.28804347826086957 0.09470468431771895 0.043478260869565216
0 0.03767820773930754 0.09850543478260869 0.07535641547861507 0.12364130434782608
0 0.6318737270875764 0.10665760869565218 0.1680244399185336 0.21331521739130435
0 0.6909368635437881 0.16847826086956522 0.1354378818737271 0.17798913043478262
0 0.5794297352342159 0.2914402173913043 0.10386965376782077 0.036684782608695655
0 0.9480651731160896 0.17255434782608695 0.06313645621181263 0.09510869565217392
0 0.9740325865580448 0.09103260869565218 0.051934826883910386 0.18206521739130435
0 0.23421588594704684 0.4279891304347826 0.12423625254582485 0.23641304347826086
0 0.37474541751527496 0.3607336956521739 0.109979633401222 0.10190217391304347
0 0.40529531568228105 0.6345108695652174 0.048879837067209775 0.12228260869565218
0 0.14867617107942974 0.8648097826086957 0.1659877800407332 0.23369565217391305
0 0.3905295315682281 0.9558423913043478 0.07841140529531568 0.08831521739130435
0 0.18431771894093688 0.9646739130434783 0.11608961303462322 0.07065217391304347
0 0.5122199592668024 0.3376358695652174 0.07739307535641547 0.05570652173913043
0 0.47046843177189407 0.47214673913043476 0.0814663951120163 0.12364130434782608
0 0.6583503054989817 0.6317934782608695 0.0835030549898167 0.12092391304347826
0 0.7113034623217923 0.5135869565217391 0.13034623217922606 0.17119565217391305
0 0.840122199592668 0.8519021739130435 0.12627291242362526 0.16168478260869565
0 0.46435845213849286 0.7737771739130435 0.06924643584521385 0.13722826086956522
0 0.5417515274949084 0.8158967391304348 0.10285132382892057 0.14266304347826086