0 0.23449131513647642 0.21109271523178808 0.19602977667493796 0.3029801324503311
0 0.12903225806451613 0.16639072847682118 0.16997518610421836 0.2185430463576159
0 0.18424317617866004 0.43956953642384106 0.14267990074441686 0.16390728476821192
0 0.8021091811414393 0.03394039735099338 0.09553349875930521 0.06788079470198675
0 0.37034739454094295 0.20033112582781457 0.04094292803970223 0.19536423841059603
0 0.5366004962779156 0.36920529801324503 0.12655086848635236 0.18211920529801323
0 0.8300248138957816 0.44370860927152317 0.21588089330024815 0.25165562913907286
0 0.5688585607940446 0.5380794701986755 0.0880893300248139 0.06291390728476821
0 0.02791563275434243 0.6912251655629139 0.05583126550868486 0.19370860927152317
0 0.2841191066997519 0.6622516556291391 0.1141439205955335 0.14735099337748345
0 0.7531017369727047 0.597682119205298 0.10918114143920596 0.056291390728476824
0 0.6203473945409429 0.6026490066225165 0.09181141439205956 0.06622516556291391
0 0.4230769230769231 0.6572847682119205 0.14640198511166252 0.17549668874172186
0 0.47146401985111663 0.9544701986754967 0.17121588089330025 0.09105960264900662
0 0.45409429280397023 0.8104304635761589 0.14764267990074442 0.17218543046357615