0 0.049778761061946904 0.28982300884955753 0.09955752212389381 0.2640117994100295
0 0.08462389380530974 0.3547197640117994 0.1404867256637168 0.18141592920353983
0 0.41426991150442477 0.10250737463126844 0.10951327433628319 0.17551622418879056
0 0.7837389380530974 0.09218289085545722 0.16482300884955753 0.18436578171091444
0 0.8910398230088495 0.4078171091445428 0.1161504424778761 0.15486725663716813
0 0.5011061946902655 0.2603244837758112 0.06415929203539823 0.15781710914454278
0 0.5746681415929203 0.30457227138643067 0.12942477876106195 0.17404129793510326
0 0.8119469026548672 0.5914454277286135 0.1172566371681416 0.035398230088495575
0 0.959070796460177 0.6873156342182891 0.08185840707964602 0.1415929203539823
0 0.9070796460176991 0.8827433628318584 0.13716814159292035 0.2345132743362832
0 0.5271017699115044 0.8289085545722714 0.1161504424778761 0.1710914454277286
0 0.7411504424778761 0.9011799410029498 0.17256637168141592 0.1976401179941003