0 0.3058510638297872 0.19148936170212766 0.20345744680851063 0.26595744680851063
0 0.2160904255319149 0.040780141843971635 0.1502659574468085 0.08156028368794327
0 0.5325797872340425 0.44858156028368795 0.12632978723404256 0.1595744680851064
0 0.8304521276595744 0.42730496453900707 0.13430851063829788 0.1773049645390071
0 0.4900265957446808 0.028368794326241134 0.041223404255319146 0.05673758865248227
0 0.5452127659574468 0.08421985815602837 0.14893617021276595 0.16843971631205673
0 0.944813829787234 0.19946808510638298 0.1077127659574468 0.0851063829787234
0 0.032579787234042555 0.6090425531914894 0.06515957446808511 0.16134751773049646
0 0.39095744680851063 0.5549645390070922 0.15691489361702127 0.05319148936170213
0 0.6223404255319149 0.9432624113475178 0.22074468085106383 0.11347517730496454
0 0.7433510638297872 0.648936170212766 0.1196808510638298 0.15425531914893617
0 0.5877659574468085 0.7074468085106383 0.09574468085106383 0.13829787234042554