0 0.22654462242562928 0.5274390243902439 0.12128146453089245 0.14939024390243902
0 0.35755148741418763 0.38871951219512196 0.14874141876430205 0.1875
0 0.6058352402745996 0.5335365853658537 0.03318077803203661 0.1402439024390244
0 0.8501144164759725 0.5160060975609756 0.13729977116704806 0.1722560975609756
0 0.09153318077803203 0.8071646341463414 0.09839816933638444 0.16615853658536586
0 0.2643020594965675 0.8483231707317073 0.16590389016018306 0.27134146341463417
0 0.36727688787185353 0.8338414634146342 0.14874141876430205 0.18902439024390244
0 0.017734553775743706 0.7576219512195121 0.03546910755148741 0.11890243902439024
0 0.6024027459954233 0.7926829268292683 0.02631578947368421 0.12804878048780488
0 0.8495423340961098 0.7942073170731707 0.13386727688787187 0.16463414634146342
0 0.9782608695652174 0.9535060975609756 0.043478260869565216 0.09298780487804878