0 0.04353562005277045 0.23503521126760563 0.0870712401055409 0.18838028169014084
0 0.46108179419525064 0.46566901408450706 0.16490765171503957 0.1073943661971831
0 0.6273087071240105 0.4841549295774648 0.07519788918205805 0.07042253521126761
0 0.7645118733509235 0.2605633802816901 0.12137203166226913 0.15492957746478872
0 0.079155672823219 0.6804577464788732 0.10817941952506596 0.125
0 0.5079155672823219 0.8600352112676056 0.13192612137203166 0.17253521126760563
0 0.3502638522427441 0.585387323943662 0.19656992084432717 0.13204225352112675
0 0.674802110817942 0.75 0.17018469656992086 0.2992957746478873
0 0.6141160949868074 0.6637323943661971 0.048812664907651716 0.18309859154929578
0 0.9412928759894459 0.7552816901408451 0.11741424802110818 0.2605633802816901
0 0.8146437994722955 0.7816901408450704 0.1517150395778364 0.2147887323943662