0 0.36189516129032256 0.3682795698924731 0.09475806451612903 0.12096774193548387
0 0.12651209677419356 0.4469086021505376 0.07963709677419355 0.04435483870967742
0 0.21522177419354838 0.4153225806451613 0.07963709677419355 0.10752688172043011
0 0.9475806451612904 0.08534946236559139 0.07358870967741936 0.0967741935483871
0 0.8004032258064516 0.38844086021505375 0.08165322580645161 0.14516129032258066
0 0.6446572580645161 0.40389784946236557 0.14213709677419356 0.1303763440860215
0 0.5579637096774194 0.41263440860215056 0.11391129032258064 0.11290322580645161
0 0.4561491935483871 0.026881720430107527 0.09375 0.053763440860215055
0 0.8881048387096774 0.33198924731182794 0.07963709677419355 0.13172043010752688
0 0.6129032258064516 0.7573924731182796 0.12298387096774194 0.2325268817204301
0 0.6784274193548387 0.7022849462365591 0.13407258064516128 0.30913978494623656
0 0.8316532258064516 0.6881720430107527 0.07862903225806452 0.125
0 0.9138104838709677 0.7231182795698925 0.059475806451612906 0.0846774193548387
0 0.5609879032258065 0.9845430107526881 0.09173387096774194 0.030913978494623656