0 0.4551136363636364 0.29848484848484846 0.18295454545454545 0.18181818181818182
0 0.35852272727272727 0.30227272727272725 0.15795454545454546 0.17424242424242425
0 0.275 0.07727272727272727 0.10795454545454546 0.1318181818181818
0 0.08806818181818182 0.05454545454545454 0.13522727272727272 0.10909090909090909
0 0.8426136363636364 0.20606060606060606 0.18181818181818182 0.3196969696969697
0 0.7375 0.20303030303030303 0.15 0.19696969696969696
0 0.9767045454545454 0.20909090909090908 0.04659090909090909 0.17575757575757575
0 0.55 0.5386363636363637 0.07954545454545454 0.1712121212121212
0 0.39090909090909093 0.531060606060606 0.18181818181818182 0.2803030303030303
0 0.29147727272727275 0.5643939393939394 0.15681818181818183 0.2015151515151515
0 0.15284090909090908 0.9151515151515152 0.10795454545454546 0.1696969696969697
0 0.9471590909090909 0.5840909090909091 0.10568181818181818 0.23484848484848486
0 0.9170454545454545 0.656060606060606 0.08863636363636364 0.11060606060606061