0 0.2778969957081545 0.35744985673352436 0.10515021459227468 0.10458452722063037
0 0.6861587982832618 0.3216332378223496 0.1223175965665236 0.166189111747851
0 0.802038626609442 0.11891117478510028 0.10300429184549356 0.14040114613180515
0 0.17060085836909872 0.9305157593123209 0.07725321888412018 0.13896848137535817
0 0.08637339055793991 0.9426934097421203 0.17274678111587982 0.11461318051575932
0 0.7816523605150214 0.9455587392550143 0.11266094420600858 0.10888252148997135
0 0.6126609442060086 0.6783667621776505 0.09763948497854077 0.15902578796561603
0 0.4989270386266094 0.5279369627507163 0.1630901287553648 0.23638968481375358
0 0.41201716738197425 0.4820916905444126 0.14377682403433475 0.14469914040114612
0 0.9104077253218884 0.5601719197707736 0.07939914163090128 0.12750716332378223
0 0.6684549356223176 0.7972779369627507 0.0944206008583691 0.14183381088825214