0 0.05295566502463054 0.45394736842105265 0.10591133004926108 0.20723684210526316
0 0.2229064039408867 0.3495065789473684 0.13177339901477833 0.17434210526315788
0 0.20073891625615764 0.10032894736842106 0.12561576354679804 0.16776315789473684
0 0.40455665024630544 0.19901315789473684 0.14039408866995073 0.18585526315789475
0 0.47967980295566504 0.30180921052631576 0.01847290640394089 0.14638157894736842
0 0.7339901477832512 0.6447368421052632 0.09852216748768473 0.029605263157894735
0 0.8442118226600985 0.5501644736842105 0.11699507389162561 0.15460526315789475
0 0.6902709359605911 0.24753289473684212 0.11206896551724138 0.14638157894736842
0 0.5880541871921182 0.34375 0.16502463054187191 0.22039473684210525
0 0.9544334975369458 0.22779605263157895 0.09113300492610837 0.17269736842105263
0 0.8866995073891626 0.12088815789473684 0.13423645320197045 0.17763157894736842
0 0.19519704433497537 0.9794407894736842 0.07019704433497537 0.04111842105263158
0 0.18411330049261085 0.9021381578947368 0.12931034482758622 0.16611842105263158
0 0.1724137931034483 0.7384868421052632 0.12561576354679804 0.15789473684210525
0 0.729064039408867 0.834703947368421 0.10467980295566502 0.13980263157894737