0 0.19574036511156187 0.15135135135135136 0.09634888438133875 0.12837837837837837
0 0.10446247464503043 0.13783783783783785 0.06490872210953347 0.08378378378378379
0 0.049188640973630834 0.11689189189189189 0.0872210953346856 0.13918918918918918
0 0.9710953346855984 0.40202702702702703 0.057809330628803245 0.10405405405405406
0 0.928498985801217 0.43445945945945946 0.14300202839756593 0.06891891891891892
0 0.7799188640973631 0.031081081081081083 0.11967545638945233 0.062162162162162166
0 0.7925963488843814 0.2 0.11257606490872211 0.15405405405405406
0 0.31947261663286003 0.14527027027027026 0.04056795131845842 0.15
0 0.06744421906693712 0.5027027027027027 0.08012170385395538 0.06756756756756757
0 0.09584178498985801 0.6094594594594595 0.1257606490872211 0.16486486486486487
0 0.8078093306288032 0.9763513513513513 0.1876267748478702 0.0472972972972973
0 0.947261663286004 0.4966216216216216 0.07505070993914807 0.05540540540540541
0 0.7028397565922921 0.5418918918918919 0.1257606490872211 0.14594594594594595
0 0.43052738336713997 0.4871621621621622 0.12271805273833672 0.03648648648648649