0 0.7766990291262136 0.2564724919093851 0.13592233009708737 0.08576051779935275
0 0.8810679611650486 0.26375404530744334 0.1383495145631068 0.07119741100323625
0 0.35315533980582525 0.20711974110032363 0.06796116504854369 0.13106796116504854
0 0.7651699029126213 0.09223300970873786 0.12135922330097088 0.10841423948220065
0 0.25 0.4538834951456311 0.11893203883495146 0.1796116504854369
0 0.022451456310679612 0.4312297734627832 0.044902912621359224 0.15048543689320387
0 0.31978155339805825 0.6796116504854369 0.02063106796116505 0.11974110032362459
0 0.5546116504854369 0.6181229773462783 0.07524271844660194 0.12135922330097088
0 0.5734223300970874 0.7799352750809061 0.125 0.16181229773462782
0 0.8288834951456311 0.48381877022653724 0.125 0.1488673139158576
0 0.37014563106796117 0.3511326860841424 0.09466019417475728 0.10355987055016182
0 0.4866504854368932 0.3567961165048544 0.09466019417475728 0.11488673139158576