0 0.27631578947368424 0.011705685618729096 0.14411027568922305 0.023411371237458192
0 0.43295739348370926 0.07608695652173914 0.18671679197994986 0.15217391304347827
0 0.4598997493734336 0.23662207357859533 0.14536340852130325 0.1254180602006689
0 0.7744360902255639 0.06354515050167224 0.11528822055137844 0.12709030100334448
0 0.05325814536340852 0.7583612040133779 0.10651629072681704 0.17558528428093645
0 0.17606516290726817 0.7341137123745819 0.11528822055137844 0.16555183946488294
0 0.37781954887218044 0.725752508361204 0.20927318295739347 0.2909698996655518
0 0.4724310776942356 0.7934782608695652 0.15538847117794485 0.19732441471571907
0 0.36967418546365916 0.3528428093645485 0.18295739348370926 0.10702341137123746
0 0.3840852130325815 0.5125418060200669 0.15162907268170425 0.17892976588628762
0 0.7130325814536341 0.7709030100334449 0.08771929824561403 0.3377926421404682
0 0.7781954887218046 0.7566889632107023 0.15914786967418545 0.23578595317725753
0 0.8665413533834586 0.4874581939799331 0.12280701754385964 0.14715719063545152
0 0.8170426065162907 0.32274247491638797 0.17042606516290726 0.046822742474916385