0 0.031059063136456212 0.5203804347826086 0.062118126272912425 0.09782608695652174
0 0.03971486761710794 0.2826086956521739 0.07942973523421588 0.11413043478260869
0 0.17718940936863545 0.22214673913043478 0.09063136456211812 0.15353260869565216
0 0.18126272912423624 0.029891304347826088 0.05702647657841141 0.059782608695652176
0 0.26221995926680247 0.3220108695652174 0.07433808553971487 0.12228260869565218
0 0.3655804480651731 0.03940217391304348 0.0855397148676171 0.07880434782608696
0 0.6135437881873728 0.140625 0.09979633401221996 0.08831521739130435
0 0.6868635437881874 0.32472826086956524 0.16191446028513237 0.15081521739130435
0 0.7057026476578412 0.44497282608695654 0.10386965376782077 0.14945652173913043
0 0.9485743380855397 0.025135869565217392 0.07637474541751528 0.050271739130434784
0 0.9531568228105907 0.18885869565217392 0.09063136456211812 0.17255434782608695
0 0.8457230142566191 0.3063858695652174 0.06415478615071284 0.1331521739130435
0 0.5560081466395111 0.04823369565217391 0.07026476578411406 0.07065217391304347
0 0.0269857433808554 0.8457880434782609 0.0539714867617108 0.11548913043478261
0 0.4460285132382892 0.7785326086956522 0.06619144602851323 0.09510869565217392
0 0.5554989816700611 0.6256793478260869 0.07841140529531568 0.07201086956521739
0 0.5941955193482689 0.717391304347826 0.06924643584521385 0.08423913043478261
0 0.640020366598778 0.7710597826086957 0.07535641547861507 0.08016304347826086
0 0.8727087576374746 0.953125 0.07942973523421588 0.09375
0 0.9760692464358453 0.6773097826086957 0.04786150712830957 0.14266304347826086
0 0.9740325865580448 0.890625 0.051934826883910386 0.1671195652173913