0 0.01977687626774848 0.3885135135135135 0.03955375253549696 0.25
0 0.0872210953346856 0.325 0.09432048681541583 0.1554054054054054
0 0.05730223123732252 0.09932432432432432 0.08113590263691683 0.08108108108108109
0 0.3240365111561866 0.46283783783783783 0.035496957403651115 0.0945945945945946
0 0.5512170385395537 0.5324324324324324 0.058823529411764705 0.07837837837837838
0 0.5598377281947262 0.3635135135135135 0.06592292089249494 0.09594594594594595
0 0.7834685598377282 0.3277027027027027 0.058823529411764705 0.0972972972972973
0 0.7936105476673428 0.46418918918918917 0.10040567951318459 0.12837837837837837
0 0.9832657200811359 0.23175675675675675 0.033468559837728194 0.11756756756756757
0 0.49391480730223125 0.0831081081081081 0.06490872210953347 0.1662162162162162
0 0.6384381338742393 0.08243243243243244 0.07505070993914807 0.10540540540540541
0 0.7363083164300203 0.09662162162162162 0.07505070993914807 0.11081081081081082
0 0.40872210953346855 0.7297297297297297 0.10141987829614604 0.08108108108108109
0 0.19421906693711968 0.7067567567567568 0.07606490872210954 0.03513513513513514
0 0.5299188640973631 0.7358108108108108 0.061866125760649086 0.08243243243243244
0 0.9061866125760649 0.7439189189189189 0.0872210953346856 0.10675675675675676