0 0.1906005221932115 0.2857142857142857 0.14882506527415143 0.14634146341463414
0 0.17493472584856398 0.13414634146341464 0.13446475195822455 0.16898954703832753
0 0.7780678851174935 0.3170731707317073 0.1566579634464752 0.08362369337979095
0 0.9255874673629243 0.18728222996515678 0.1409921671018277 0.18641114982578397
0 0.03328981723237598 0.7247386759581882 0.06657963446475196 0.21254355400696864
0 0.21214099216710183 0.7987804878048781 0.13577023498694518 0.1794425087108014
0 0.21279373368146215 0.9817073170731707 0.13054830287206268 0.036585365853658534
0 0.37467362924281983 0.8954703832752613 0.07049608355091384 0.18815331010452963
0 0.49738903394255873 0.5331010452961672 0.14882506527415143 0.1794425087108014
0 0.5078328981723238 0.7961672473867596 0.195822454308094 0.29965156794425085
0 0.4719321148825065 0.9094076655052264 0.12402088772845953 0.18118466898954705
0 0.8472584856396866 0.4102787456445993 0.1409921671018277 0.10278745644599303
0 0.9614882506527415 0.6785714285714286 0.07702349869451697 0.2770034843205575
0 0.9373368146214099 0.7134146341463414 0.10835509138381201 0.14111498257839722
0 0.8361618798955613 0.8937282229965157 0.17885117493472585 0.21254355400696864
0 0.6599216710182768 0.9224738675958188 0.13185378590078328 0.15505226480836237
0 0.48890339425587465 0.40505226480836237 0.10835509138381201 0.09233449477351917