0 0.3695652173913043 0.3618421052631579 0.11264822134387352 0.23421052631578948
0 0.3058300395256917 0.29276315789473684 0.10770750988142293 0.1723684210526316
0 0.3522727272727273 0.07039473684210526 0.08992094861660078 0.09868421052631579
0 0.483695652173913 0.4493421052631579 0.07608695652173914 0.05921052631578947
0 0.03804347826086957 0.3526315789473684 0.05928853754940711 0.10657894736842105
0 0.005928853754940711 0.45526315789473687 0.011857707509881422 0.04736842105263158
0 0.9772727272727273 0.35592105263157897 0.045454545454545456 0.075
0 0.9481225296442688 0.3 0.07509881422924901 0.13026315789473683
0 0.8740118577075099 0.1980263157894737 0.07905138339920949 0.11973684210526316
0 0.7485177865612648 0.0756578947368421 0.1373517786561265 0.1513157894736842
0 0.6709486166007905 0.05263157894736842 0.09881422924901186 0.10526315789473684
0 0.042490118577075096 0.8164473684210526 0.08498023715415019 0.26973684210526316
0 0.03903162055335968 0.5519736842105263 0.07806324110671936 0.1013157894736842
0 0.38092885375494073 0.7407894736842106 0.08695652173913043 0.10921052631578948
0 0.14130434782608695 0.9322368421052631 0.08695652173913043 0.1355263157894737
0 0.3493083003952569 0.5111842105263158 0.11758893280632411 0.06447368421052632
0 0.1432806324110672 0.49605263157894736 0.13043478260869565 0.034210526315789476
0 0.29150197628458496 0.4953947368421053 0.05533596837944664 0.03289473684210526
0 0.9777667984189723 0.7585526315789474 0.044466403162055336 0.125
0 0.9896245059288538 0.5815789473684211 0.020750988142292492 0.11842105263157894
0 0.8053359683794467 0.4967105263157895 0.11462450592885376 0.035526315789473684