0 0.577914798206278 0.33607784431137727 0.05493273542600897 0.18712574850299402
0 0.5297085201793722 0.16167664670658682 0.10089686098654709 0.14820359281437126
0 0.01289237668161435 0.3652694610778443 0.0257847533632287 0.12874251497005987
0 0.9697309417040358 0.08832335329341318 0.06053811659192825 0.17664670658682635
0 0.6390134529147982 0.22979041916167664 0.020179372197309416 0.09730538922155689
0 0.053811659192825115 0.5082335329341318 0.10762331838565023 0.15718562874251496
0 0.29876681614349776 0.9640718562874252 0.08408071748878924 0.0718562874251497
0 0.1031390134529148 0.9588323353293413 0.10089686098654709 0.08233532934131736
0 0.18778026905829595 0.469311377245509 0.16704035874439463 0.07934131736526946
0 0.4854260089686099 0.7013473053892215 0.07511210762331838 0.10329341317365269
0 0.7359865470852018 0.5583832335329342 0.06838565022421525 0.09880239520958084
0 0.8380044843049327 0.9648203592814372 0.08856502242152467 0.07035928143712575