0 0.4770875763747454 0.281929347826087 0.11405295315682282 0.15217391304347827
0 0.09419551934826884 0.13858695652173914 0.10285132382892057 0.14130434782608695
0 0.9506109979633401 0.311820652173913 0.09877800407331976 0.13722826086956522
0 0.8772912423625254 0.13722826086956522 0.13238289205702647 0.14673913043478262
0 0.7281059063136456 0.17051630434782608 0.09775967413441955 0.11005434782608696
0 0.9358452138492872 0.03192934782608696 0.09775967413441955 0.06385869565217392
0 0.17260692464358451 0.717391304347826 0.12423625254582485 0.19429347826086957
0 0.34521384928716903 0.469429347826087 0.09368635437881874 0.12228260869565218
0 0.04938900203665988 0.4476902173913043 0.09877800407331976 0.09646739130434782
0 0.9674134419551935 0.8308423913043478 0.06517311608961303 0.1453804347826087
0 0.6980651731160896 0.6752717391304348 0.0855397148676171 0.12228260869565218
0 0.755091649694501 0.4266304347826087 0.12321792260692464 0.05434782608695652
0 0.8024439918533605 0.45108695652173914 0.10183299389002037 0.10326086956521739
0 0.9378818737270875 0.436820652173913 0.12423625254582485 0.07472826086956522
0 0.9144602851323829 0.9341032608695652 0.0824847250509165 0.12771739130434784