0 0.3827433628318584 0.43289085545722716 0.1261061946902655 0.15781710914454278
0 0.28982300884955753 0.24041297935103245 0.1172566371681416 0.16224188790560473
0 0.3030973451327434 0.5796460176991151 0.10398230088495575 0.11799410029498525
0 0.7571902654867256 0.043510324483775814 0.08296460176991151 0.08702064896755163
0 0.9684734513274337 0.3414454277286136 0.06305309734513274 0.23156342182890854
0 0.8279867256637168 0.5501474926253688 0.09402654867256637 0.12684365781710916
0 0.7323008849557522 0.4004424778761062 0.09845132743362832 0.13864306784660768
0 0.5470132743362832 0.48746312684365783 0.034292035398230086 0.1902654867256637
0 0.9502212389380531 0.4786135693215339 0.09955752212389381 0.14896755162241887
0 0.33738938053097345 0.6629793510324484 0.07964601769911504 0.048672566371681415
0 0.49723451327433627 0.9026548672566371 0.06526548672566372 0.19469026548672566
0 0.7129424778761062 0.7028023598820059 0.10508849557522124 0.12831858407079647
0 0.8329646017699115 0.9469026548672567 0.15265486725663716 0.10619469026548672