0 0.836577868852459 0.022540983606557378 0.09118852459016394 0.045081967213114756
0 0.7945696721311475 0.3135245901639344 0.12192622950819672 0.16939890710382513
0 0.9805327868852459 0.05396174863387978 0.0389344262295082 0.10792349726775956
0 0.9825819672131147 0.4064207650273224 0.03483606557377049 0.045081967213114756
0 0.9559426229508197 0.39549180327868855 0.08811475409836066 0.06693989071038252
0 0.1557377049180328 0.8476775956284153 0.11372950819672131 0.14207650273224043
0 0.23155737704918034 0.5389344262295082 0.19262295081967212 0.21994535519125682
0 0.3201844262295082 0.6413934426229508 0.07889344262295082 0.12978142076502733
0 0.2838114754098361 0.8278688524590164 0.0860655737704918 0.11612021857923498
0 0.6137295081967213 0.6564207650273224 0.09528688524590163 0.1366120218579235
0 0.7423155737704918 0.8060109289617486 0.09938524590163934 0.12431693989071038
0 0.8734631147540983 0.5327868852459017 0.15881147540983606 0.20765027322404372
0 0.9467213114754098 0.5396174863387978 0.10655737704918032 0.1912568306010929
0 0.9451844262295082 0.7008196721311475 0.10553278688524591 0.14207650273224043
0 0.9021516393442623 0.8394808743169399 0.10860655737704918 0.1557377049180328