0 0.054404145077720206 0.3693771626297578 0.10880829015544041 0.14013840830449828
0 0.12240932642487047 0.39705882352941174 0.11787564766839378 0.1643598615916955
0 0.26813471502590674 0.41608996539792387 0.09844559585492228 0.12629757785467127
0 0.03562176165803109 0.11072664359861592 0.07124352331606218 0.1384083044982699
0 0.3484455958549223 0.2577854671280277 0.038860103626943004 0.14878892733564014
0 0.3860103626943005 0.30103806228373703 0.10751295336787564 0.15570934256055363
0 0.7784974093264249 0.3365051903114187 0.19818652849740934 0.2577854671280277
0 0.6658031088082902 0.45761245674740486 0.14766839378238342 0.04325259515570934
0 0.09132124352331607 0.856401384083045 0.12953367875647667 0.16089965397923875
0 0.39248704663212436 0.9602076124567474 0.12694300518134716 0.07958477508650519
0 0.3963730569948187 0.7724913494809689 0.13471502590673576 0.21972318339100347