0 0.26395631067961167 0.16990291262135923 0.09344660194174757 0.1553398058252427
0 0.11225728155339806 0.28559870550161814 0.12985436893203883 0.21359223300970873
0 0.7730582524271845 0.1448220064724919 0.10194174757281553 0.13592233009708737
0 0.7063106796116505 0.39158576051779936 0.12135922330097088 0.11650485436893204
0 0.529126213592233 0.3859223300970874 0.13106796116504854 0.127831715210356
0 0.44902912621359226 0.2726537216828479 0.11893203883495146 0.16666666666666666
0 0.03822815533980582 0.7953074433656958 0.07645631067961164 0.22491909385113268
0 0.03944174757281554 0.6699029126213593 0.07888349514563107 0.1715210355987055
0 0.9884708737864077 0.5970873786407767 0.023058252427184466 0.29449838187702265
0 0.691747572815534 0.5121359223300971 0.10922330097087378 0.12459546925566344
0 0.5776699029126213 0.9741100323624595 0.0970873786407767 0.05177993527508091
0 0.39987864077669905 0.8956310679611651 0.10800970873786407 0.12944983818770225
0 0.4223300970873786 0.5299352750809061 0.14563106796116504 0.16019417475728157