0 0.25395033860045146 0.30271084337349397 0.09593679458239278 0.1280120481927711
0 0.7065462753950339 0.05948795180722891 0.07223476297968397 0.11897590361445783
0 0.551354401805869 0.15060240963855423 0.11738148984198646 0.23644578313253012
0 0.4486455981941309 0.1716867469879518 0.12302483069977427 0.15060240963855423
0 0.9559819413092551 0.33207831325301207 0.08803611738148984 0.1280120481927711
0 0.5468397291196389 0.38629518072289154 0.10948081264108352 0.09337349397590361
0 0.786117381489842 0.012048192771084338 0.05756207674943566 0.024096385542168676
0 0.16873589164785552 0.536144578313253 0.06884875846501129 0.09186746987951808
0 0.3510158013544018 0.9262048192771084 0.056433408577878104 0.14759036144578314
0 0.27313769751693 0.983433734939759 0.0835214446952596 0.03313253012048193
0 0.0806997742663657 0.8268072289156626 0.07562076749435666 0.11596385542168675
0 0.9644469525959368 0.5090361445783133 0.07110609480812641 0.09939759036144578
0 0.8905191873589164 0.4947289156626506 0.07900677200902935 0.07078313253012049
0 0.8233634311512416 0.7612951807228916 0.0654627539503386 0.10993975903614457
0 0.40011286681715574 0.7432228915662651 0.0417607223476298 0.12198795180722892