0 0.28668763102725364 0.06564245810055866 0.0660377358490566 0.13128491620111732
0 0.053983228511530396 0.05097765363128492 0.10796645702306079 0.10195530726256984
0 0.13155136268343814 0.39804469273743015 0.12264150943396226 0.12290502793296089
0 0.14255765199161424 0.040502793296089384 0.08385744234800839 0.08100558659217877
0 0.8511530398322851 0.05446927374301676 0.09224318658280922 0.10893854748603352
0 0.8265199161425576 0.41201117318435754 0.18134171907756813 0.09497206703910614
0 0.5974842767295597 0.4064245810055866 0.10062893081761007 0.10614525139664804
0 0.6263102725366876 0.23952513966480446 0.1069182389937107 0.1452513966480447
0 0.43658280922431864 0.07681564245810056 0.1540880503144654 0.15363128491620112
0 0.3831236897274633 0.29748603351955305 0.05870020964360587 0.06564245810055866
0 0.7148846960167715 0.4448324022346369 0.12368972746331237 0.029329608938547486
0 0.2950733752620545 0.8358938547486033 0.049266247379454925 0.14664804469273743
0 0.20492662473794548 0.8198324022346368 0.08280922431865828 0.11173184357541899
0 0.05345911949685535 0.7918994413407822 0.1069182389937107 0.2430167597765363
0 0.05293501048218029 0.946927374301676 0.10587002096436059 0.10614525139664804
0 0.8951781970649895 0.6243016759776536 0.18658280922431866 0.25139664804469275
0 0.8165618448637316 0.5153631284916201 0.14465408805031446 0.11173184357541899
0 0.7945492662473794 0.5796089385474861 0.22431865828092243 0.24022346368715083
0 0.389937106918239 0.520949720670391 0.09853249475890985 0.12290502793296089
0 0.6305031446540881 0.8372905027932961 0.09853249475890985 0.12988826815642457
0 0.7578616352201258 0.8254189944134078 0.08176100628930817 0.11312849162011174
0 0.8149895178197065 0.9839385474860335 0.08909853249475891 0.03212290502793296
0 0.3584905660377358 0.8624301675977654 0.07756813417190776 0.22206703910614525