0 0.33811475409836067 0.14959016393442623 0.08196721311475409 0.1680327868852459
0 0.24795081967213115 0.11202185792349727 0.09118852459016394 0.12021857923497267
0 0.22540983606557377 0.2390710382513661 0.16700819672131148 0.22404371584699453
0 0.17674180327868852 0.3879781420765027 0.22438524590163936 0.20218579234972678
0 0.04047131147540984 0.05191256830601093 0.08094262295081968 0.10382513661202186
0 0.7832991803278688 0.2650273224043716 0.13729508196721313 0.18032786885245902
0 0.5952868852459017 0.4262295081967213 0.12090163934426229 0.12568306010928962
0 0.48924180327868855 0.32786885245901637 0.10040983606557377 0.13524590163934427
0 0.6372950819672131 0.09221311475409837 0.1680327868852459 0.18442622950819673
0 0.48514344262295084 0.04918032786885246 0.11987704918032786 0.09836065573770492
0 0.42366803278688525 0.12431693989071038 0.08913934426229508 0.1557377049180328
0 0.3432377049180328 0.7137978142076503 0.07172131147540983 0.1051912568306011
0 0.24846311475409835 0.657103825136612 0.10758196721311475 0.14344262295081966
0 0.3007172131147541 0.8237704918032787 0.13831967213114754 0.18442622950819673
0 0.7530737704918032 0.5218579234972678 0.09221311475409837 0.06557377049180328
0 0.8160860655737705 0.6031420765027322 0.13729508196721313 0.1830601092896175
0 0.5307377049180327 0.6366120218579235 0.13217213114754098 0.17486338797814208
0 0.41649590163934425 0.5081967213114754 0.07479508196721311 0.03825136612021858
0 0.39088114754098363 0.5765027322404371 0.0235655737704918 0.12295081967213115