0 0.3877118644067797 0.5677966101694916 0.09533898305084745 0.1016949152542373
0 0.4809322033898305 0.5480225988700564 0.038135593220338986 0.14124293785310735
0 0.2690677966101695 0.07274011299435028 0.1038135593220339 0.14548022598870056
0 0.19809322033898305 0.2951977401129944 0.11016949152542373 0.14689265536723164
0 0.048728813559322036 0.2959039548022599 0.09745762711864407 0.18785310734463276
0 0.015360169491525424 0.4929378531073446 0.03072033898305085 0.1384180790960452
0 0.012711864406779662 0.15819209039548024 0.025423728813559324 0.1497175141242938
0 0.9544491525423728 0.4653954802259887 0.09110169491525423 0.3064971751412429
0 0.5561440677966102 0.2944915254237288 0.11228813559322035 0.17937853107344634
0 0.20497881355932204 0.8997175141242938 0.08898305084745763 0.134180790960452
0 0.05349576271186441 0.777542372881356 0.09745762711864407 0.1172316384180791
0 0.871822033898305 0.7782485875706214 0.1048728813559322 0.15254237288135594
0 0.7425847457627118 0.6998587570621468 0.09745762711864407 0.11299435028248588
0 0.6324152542372882 0.943502824858757 0.13983050847457626 0.11299435028248588
0 0.5413135593220338 0.96045197740113 0.0826271186440678 0.07909604519774012
0 0.5397245762711864 0.83545197740113 0.07944915254237288 0.14548022598870056
0 0.5651483050847458 0.693502824858757 0.1048728813559322 0.1440677966101695