0 0.12221095334685599 0.6851351351351351 0.07403651115618662 0.04864864864864865
0 0.02535496957403651 0.5398648648648648 0.05070993914807302 0.11756756756756757
0 0.25456389452332656 0.4337837837837838 0.09939148073022312 0.08783783783783784
0 0.327079107505071 0.2533783783783784 0.17038539553752535 0.1445945945945946
0 0.34939148073022314 0.13716216216216215 0.10344827586206896 0.14864864864864866
0 0.43052738336713997 0.6966216216216217 0.0821501014198783 0.025675675675675677
0 0.6313387423935092 0.6351351351351351 0.09634888438133875 0.14864864864864866
0 0.5983772819472617 0.5648648648648649 0.06592292089249494 0.07972972972972973
0 0.597870182555781 0.37432432432432433 0.09026369168356999 0.17162162162162162
0 0.4908722109533469 0.2587837837837838 0.06389452332657201 0.13243243243243244
0 0.6333671399594321 0.06891891891891892 0.0922920892494929 0.13783783783783785
0 0.2013184584178499 0.5263513513513514 0.06997971602434078 0.07027027027027027
0 0.9315415821501014 0.4101351351351351 0.08823529411764706 0.13108108108108107
0 0.7733265720081136 0.3418918918918919 0.09432048681541583 0.11756756756756757
0 0.9878296146044625 0.27702702702702703 0.02434077079107505 0.10810810810810811
0 0.2114604462474645 0.9743243243243244 0.19574036511156187 0.051351351351351354
0 0.26115618661257606 0.8993243243243243 0.1105476673427992 0.12837837837837837
0 0.4259634888438134 0.9466216216216217 0.06288032454361055 0.10135135135135136
0 0.5755578093306288 0.7736486486486487 0.1592292089249493 0.12837837837837837
0 0.6582150101419878 0.977027027027027 0.04259634888438134 0.04594594594594595
0 0.9503042596348884 0.9175675675675675 0.07707910750507099 0.10405405405405406
0 0.986815415821501 0.8148648648648649 0.02636916835699797 0.05405405405405406