0 0.06967213114754098 0.08674863387978142 0.13934426229508196 0.17349726775956284
0 0.04456967213114754 0.1885245901639344 0.08913934426229508 0.17759562841530055
0 0.2802254098360656 0.4672131147540984 0.11577868852459017 0.04371584699453552
0 0.9364754098360656 0.14754098360655737 0.12704918032786885 0.19672131147540983
0 0.9436475409836066 0.2547814207650273 0.0942622950819672 0.13387978142076504
0 0.8744877049180327 0.0471311475409836 0.09733606557377049 0.0942622950819672
0 0.6039959016393442 0.14412568306010928 0.06864754098360656 0.13524590163934427
0 0.38473360655737704 0.7882513661202186 0.08299180327868852 0.11612021857923498
0 0.4882172131147541 0.694672131147541 0.07684426229508197 0.09016393442622951
0 0.4405737704918033 0.5163934426229508 0.07991803278688525 0.0546448087431694
0 0.29149590163934425 0.5314207650273224 0.16495901639344263 0.08469945355191257
0 0.06506147540983606 0.605191256830601 0.08913934426229508 0.11885245901639344
0 0.13012295081967212 0.7370218579234973 0.10553278688524591 0.1448087431693989
0 0.12961065573770492 0.9637978142076503 0.14651639344262296 0.07240437158469945
0 0.985655737704918 0.5560109289617486 0.028688524590163935 0.09562841530054644
0 0.8760245901639344 0.7281420765027322 0.16086065573770492 0.20218579234972678
0 0.8724385245901639 0.8326502732240437 0.0860655737704918 0.11612021857923498
0 0.7182377049180327 0.5211748633879781 0.11885245901639344 0.06420765027322405
0 0.8130122950819673 0.5683060109289617 0.09733606557377049 0.15710382513661203