0 0.4126059322033898 0.2401129943502825 0.13241525423728814 0.1751412429378531
0 0.2981991525423729 0.06497175141242938 0.11122881355932203 0.12994350282485875
0 0.16260593220338984 0.1285310734463277 0.11122881355932203 0.14548022598870056
0 0.975635593220339 0.4590395480225989 0.048728813559322036 0.12146892655367232
0 0.6414194915254238 0.4427966101694915 0.22139830508474576 0.153954802259887
0 0.5677966101694916 0.4950564971751412 0.11652542372881355 0.04943502824858757
0 0.7203389830508474 0.026836158192090395 0.11440677966101695 0.05367231638418079
0 0.7754237288135594 0.3855932203389831 0.125 0.153954802259887
0 0.9698093220338984 0.22245762711864406 0.06038135593220339 0.1370056497175141
0 0.25 0.6412429378531074 0.21398305084745764 0.24293785310734464
0 0.1604872881355932 0.7090395480225988 0.15572033898305085 0.20480225988700565
0 0.04608050847457627 0.5628531073446328 0.09216101694915255 0.08615819209039548
0 0.381885593220339 0.5621468926553672 0.12182203389830508 0.0847457627118644
0 0.9438559322033898 0.5911016949152542 0.11228813559322035 0.1426553672316384
0 0.833156779661017 0.5790960451977402 0.10911016949152542 0.11864406779661017
0 0.888771186440678 0.721045197740113 0.18008474576271186 0.23728813559322035
0 0.558792372881356 0.5798022598870056 0.09851694915254237 0.12005649717514125
0 0.8485169491525424 0.8961864406779662 0.163135593220339 0.2076271186440678