0 0.5391949152542372 0.1772598870056497 0.0614406779661017 0.14548022598870056
0 0.3871822033898305 0.1370056497175141 0.1620762711864407 0.24293785310734464
0 0.2997881355932203 0.17796610169491525 0.1271186440677966 0.1638418079096045
0 0.13241525423728814 0.4562146892655367 0.07838983050847458 0.10734463276836158
0 0.9454449152542372 0.22245762711864406 0.10911016949152542 0.15677966101694915
0 0.9401483050847458 0.04096045197740113 0.11970338983050847 0.08192090395480225
0 0.4766949152542373 0.722457627118644 0.11228813559322035 0.15254237288135594
0 0.3771186440677966 0.634180790960452 0.09216101694915255 0.10875706214689265
0 0.3082627118644068 0.7252824858757062 0.13877118644067796 0.2132768361581921
0 0.1917372881355932 0.8820621468926554 0.2266949152542373 0.23587570621468926
0 0.9051906779661016 0.7019774011299436 0.06038135593220339 0.16242937853107345
0 0.8983050847457628 0.972457627118644 0.08898305084745763 0.05508474576271186
0 0.6816737288135594 0.7507062146892656 0.07944915254237288 0.1059322033898305