0 0.019269776876267748 0.4783783783783784 0.038539553752535496 0.1810810810810811
0 0.0537525354969574 0.48986486486486486 0.10547667342799188 0.1581081081081081
0 0.20182555780933062 0.547972972972973 0.06896551724137931 0.041891891891891894
0 0.3539553752535497 0.2668918918918919 0.07302231237322515 0.09054054054054055
0 0.40212981744421905 0.2885135135135135 0.061866125760649086 0.10270270270270271
0 0.27941176470588236 0.046621621621621624 0.09634888438133875 0.09324324324324325
0 0.0537525354969574 0.057432432432432436 0.1075050709939148 0.11486486486486487
0 0.9137931034482759 0.2972972972972973 0.034482758620689655 0.16756756756756758
0 0.8184584178498986 0.40337837837837837 0.10141987829614604 0.1635135135135135
0 0.7109533468559838 0.47635135135135137 0.12170385395537525 0.18513513513513513
0 0.5786004056795132 0.4945945945945946 0.1105476673427992 0.14864864864864866
0 0.6551724137931034 0.22364864864864864 0.06288032454361055 0.09054054054054055
0 0.4893509127789047 0.904054054054054 0.03955375253549696 0.08108108108108109
0 0.44726166328600403 0.7824324324324324 0.08417849898580122 0.10540540540540541
0 0.41379310344827586 0.9425675675675675 0.10547667342799188 0.11486486486486487
0 0.11105476673427991 0.5851351351351352 0.10446247464503043 0.032432432432432434
0 0.9918864097363083 0.6398648648648648 0.016227180527383367 0.13648648648648648
0 0.8737322515212982 0.620945945945946 0.1206896551724138 0.10405405405405406
0 0.7834685598377282 0.6013513513513513 0.11663286004056796 0.06486486486486487
0 0.5806288032454361 0.852027027027027 0.04766734279918864 0.24324324324324326
0 0.6389452332657201 0.9635135135135136 0.09330628803245436 0.07297297297297298