0 0.04900744416873449 0.23758278145695363 0.09801488833746898 0.13410596026490065
0 0.08188585607940446 0.38079470198675497 0.15632754342431762 0.03642384105960265
0 0.8759305210918115 0.023178807947019868 0.04218362282878412 0.046357615894039736
0 0.8089330024813896 0.06870860927152318 0.0794044665012407 0.13741721854304637
0 0.7003722084367245 0.14735099337748345 0.08560794044665013 0.13741721854304637
0 0.5173697270471465 0.2541390728476821 0.1600496277915633 0.2367549668874172
0 0.412531017369727 0.23758278145695363 0.12531017369727046 0.15066225165562913
0 0.315136476426799 0.5173841059602649 0.06947890818858561 0.2367549668874172
0 0.23325062034739455 0.5488410596026491 0.11538461538461539 0.20860927152317882
0 0.22704714640198512 0.8435430463576159 0.10421836228287841 0.10596026490066225
0 0.05707196029776675 0.9610927152317881 0.1141439205955335 0.07781456953642384
0 0.8461538461538461 0.44039735099337746 0.10669975186104218 0.08278145695364239
0 0.7363523573200993 0.4445364238410596 0.1228287841191067 0.09105960264900662
0 0.7543424317617866 0.6705298013245033 0.10297766749379653 0.10596026490066225
0 0.43610421836228286 0.9031456953642384 0.09181141439205956 0.15728476821192053
0 0.8604218362282878 0.8667218543046358 0.1401985111662531 0.1390728476821192
0 0.576302729528536 0.8774834437086093 0.12655086848635236 0.2367549668874172