0 0.13839285714285715 0.10978835978835978 0.12103174603174603 0.16534391534391535
0 0.28621031746031744 0.06547619047619048 0.12003968253968254 0.13095238095238096
0 0.12400793650793651 0.27645502645502645 0.1001984126984127 0.13756613756613756
0 0.7485119047619048 0.062169312169312166 0.2013888888888889 0.12433862433862433
0 0.8621031746031746 0.10317460317460317 0.17857142857142858 0.20634920634920634
0 0.7807539682539683 0.1402116402116402 0.20238095238095238 0.2804232804232804
0 0.9811507936507936 0.3968253968253968 0.037698412698412696 0.164021164021164
0 0.59375 0.33201058201058203 0.04861111111111111 0.12433862433862433
0 0.5982142857142857 0.17261904761904762 0.057539682539682536 0.10185185185185185
0 0.2802579365079365 0.591931216931217 0.2013888888888889 0.2261904761904762
0 0.39384920634920634 0.6693121693121693 0.17857142857142858 0.23677248677248677
0 0.3125 0.7202380952380952 0.20238095238095238 0.2830687830687831
0 0.5317460317460317 0.9477513227513228 0.07539682539682539 0.10449735449735449
0 0.10466269841269842 0.9133597883597884 0.09126984126984126 0.12433862433862433
0 0.11904761904761904 0.7533068783068783 0.08035714285714286 0.10185185185185185
0 0.010416666666666666 0.6706349206349206 0.020833333333333332 0.1111111111111111
0 0.5868055555555556 0.541005291005291 0.034722222222222224 0.12433862433862433
0 0.6359126984126984 0.8386243386243386 0.12797619047619047 0.1746031746031746
0 0.5877976190476191 0.9920634920634921 0.03670634920634921 0.015873015873015872