0 0.4758823529411765 0.03537735849056604 0.0976470588235294 0.07075471698113207
0 0.37176470588235294 0.040880503144654086 0.18588235294117647 0.08176100628930817
0 0.012352941176470587 0.2389937106918239 0.024705882352941175 0.16352201257861634
0 0.40647058823529414 0.35691823899371067 0.12588235294117647 0.10377358490566038
0 0.9388235294117647 0.17138364779874213 0.08823529411764706 0.1179245283018868
0 0.5541176470588235 0.31839622641509435 0.04941176470588235 0.14937106918238993
0 0.47352941176470587 0.5927672955974843 0.08235294117647059 0.3081761006289308
0 0.3288235294117647 0.4772012578616352 0.1376470588235294 0.13679245283018868
0 0.23588235294117646 0.4803459119496855 0.10941176470588235 0.1430817610062893
0 0.24352941176470588 0.7955974842767296 0.08941176470588236 0.13522012578616352
0 0.7894117647058824 0.49292452830188677 0.08588235294117647 0.11949685534591195
0 0.7635294117647059 0.9465408805031447 0.11294117647058824 0.1069182389937107
0 0.9635294117647059 0.809748427672956 0.07294117647058823 0.279874213836478