0 0.015661252900232018 0.2979876160990712 0.031322505800464036 0.14086687306501547
0 0.07946635730858469 0.4024767801857585 0.10208816705336426 0.12693498452012383
0 0.1177494199535963 0.26006191950464397 0.20185614849187936 0.28328173374613
0 0.228538283062645 0.11145510835913312 0.20417633410672853 0.20743034055727555
0 0.3259860788863109 0.5441176470588235 0.1345707656612529 0.0696594427244582
0 0.478538283062645 0.13854489164086686 0.0382830626450116 0.15015479876160992
0 0.777262180974478 0.5255417956656346 0.16241299303944315 0.10681114551083591
0 0.7470997679814385 0.34907120743034054 0.13225058004640372 0.16873065015479877
0 0.8694895591647331 0.18653250773993807 0.16241299303944315 0.21052631578947367
0 0.2140371229698376 0.6965944272445821 0.09860788863109049 0.14241486068111456
0 0.35730858468677495 0.8707430340557275 0.1368909512761021 0.2585139318885449
0 0.6786542923433875 0.6679566563467493 0.13921113689095127 0.1780185758513932
0 0.718677494199536 0.9210526315789473 0.12180974477958237 0.15789473684210525
0 0.8776102088167054 0.9311145510835913 0.1148491879350348 0.13777089783281735