0 0.17288306451612903 0.28024193548387094 0.09173387096774194 0.13709677419354838
0 0.27268145161290325 0.11424731182795698 0.16431451612903225 0.22849462365591397
0 0.3533266129032258 0.07795698924731183 0.12600806451612903 0.15591397849462366
0 0.6043346774193549 0.15524193548387097 0.04939516129032258 0.14381720430107528
0 0.18094758064516128 0.024193548387096774 0.1159274193548387 0.04838709677419355
0 0.5997983870967742 0.364247311827957 0.05846774193548387 0.1586021505376344
0 0.1184475806451613 0.3918010752688172 0.09375 0.135752688172043
0 0.733366935483871 0.06384408602150538 0.09979838709677419 0.12096774193548387
0 0.3059475806451613 0.9106182795698925 0.1381048387096774 0.17876344086021506
0 0.055443548387096774 0.9502688172043011 0.11088709677419355 0.09946236559139784
0 0.4425403225806452 0.6424731182795699 0.10080645161290322 0.13306451612903225
0 0.05342741935483871 0.6868279569892473 0.0967741935483871 0.13844086021505375
0 0.1461693548387097 0.6686827956989247 0.11189516129032258 0.15053763440860216
0 0.3996975806451613 0.4650537634408602 0.10383064516129033 0.010752688172043012
0 0.795866935483871 0.540994623655914 0.10987903225806452 0.14112903225806453