0 0.09734513274336283 0.2610619469026549 0.18584070796460178 0.05604719764011799
0 0.12444690265486726 0.21017699115044247 0.125 0.15781710914454278
0 0.37555309734513276 0.011799410029498525 0.16924778761061948 0.02359882005899705
0 0.49723451327433627 0.08923303834808259 0.12278761061946902 0.15339233038348082
0 0.8053097345132744 0.11283185840707964 0.11504424778761062 0.12536873156342182
0 0.5237831858407079 0.9233038348082596 0.0918141592920354 0.13569321533923304
0 0.3899336283185841 0.3952802359882006 0.10619469026548672 0.15339233038348082
0 0.3196902654867257 0.6290560471976401 0.11283185840707964 0.1504424778761062
0 0.15486725663716813 0.6408554572271387 0.12168141592920353 0.19321533923303835
0 0.10674778761061947 0.8466076696165191 0.08960176991150443 0.13569321533923304
0 0.08185840707964602 0.5 0.10951327433628319 0.15339233038348082
0 0.8639380530973452 0.9660766961651918 0.09292035398230089 0.06784660766961652
0 0.9612831858407079 0.42404129793510326 0.07743362831858407 0.13421828908554573
0 0.6332964601769911 0.7699115044247787 0.10287610619469026 0.12831858407079647
0 0.6969026548672567 0.4491150442477876 0.1404867256637168 0.1887905604719764
0 0.5945796460176991 0.31268436578171094 0.049778761061946904 0.0471976401179941