0 0.23940677966101695 0.014124293785310734 0.06991525423728813 0.02824858757062147
0 0.3066737288135593 0.221045197740113 0.15572033898305085 0.192090395480226
0 0.2764830508474576 0.3177966101694915 0.0847457627118644 0.12570621468926554
0 0.614406779661017 0.08898305084745763 0.029661016949152543 0.1497175141242938
0 0.5423728813559322 0.0769774011299435 0.11016949152542373 0.153954802259887
0 0.420021186440678 0.11864406779661017 0.09004237288135593 0.1553672316384181
0 0.7070974576271186 0.22175141242937854 0.1048728813559322 0.153954802259887
0 0.9390889830508474 0.2605932203389831 0.059322033898305086 0.09887005649717515
0 0.8940677966101694 0.2711864406779661 0.07627118644067797 0.12570621468926554
0 0.84375 0.3735875706214689 0.07733050847457627 0.07203389830508475
0 0.9692796610169492 0.375 0.0614406779661017 0.0692090395480226
0 0.1408898305084746 0.6151129943502824 0.11122881355932203 0.10734463276836158
0 0.1906779661016949 0.8227401129943502 0.17902542372881355 0.18220338983050846
0 0.1843220338983051 0.931497175141243 0.12076271186440678 0.1370056497175141
0 0.5646186440677966 0.5035310734463276 0.1292372881355932 0.1850282485875706
0 0.4920550847457627 0.5430790960451978 0.09427966101694915 0.13559322033898305
0 0.4645127118644068 0.7450564971751412 0.10911016949152542 0.192090395480226
0 0.3421610169491525 0.8312146892655368 0.0858050847457627 0.1483050847457627
0 0.6016949152542372 0.9152542372881356 0.05508474576271186 0.10734463276836158
0 0.09057203389830508 0.4943502824858757 0.09639830508474577 0.10734463276836158
0 0.5651483050847458 0.7266949152542372 0.06991525423728813 0.12429378531073447
0 0.9761652542372882 0.6927966101694916 0.04766949152542373 0.12570621468926554