0 0.04770992366412214 0.407312925170068 0.09541984732824428 0.1649659863945578
0 0.40076335877862596 0.17346938775510204 0.044529262086514 0.1054421768707483
0 0.9840966921119593 0.24404761904761904 0.031806615776081425 0.15476190476190477
0 0.6075063613231552 0.13690476190476192 0.1183206106870229 0.1377551020408163
0 0.611323155216285 0.4166666666666667 0.10305343511450382 0.14625850340136054
0 0.42048346055979646 0.6309523809523809 0.03689567430025445 0.282312925170068
0 0.058524173027989825 0.7321428571428571 0.035623409669211195 0.10884353741496598
0 0.3276081424936387 0.516156462585034 0.1005089058524173 0.05272108843537415
0 0.8454198473282443 0.7091836734693877 0.10559796437659033 0.13435374149659865
0 0.7538167938931297 0.5467687074829932 0.08269720101781171 0.11394557823129252
0 0.5687022900763359 0.6292517006802721 0.09287531806615776 0.1292517006802721
0 0.5578880407124682 0.8698979591836735 0.17938931297709923 0.2602040816326531