0 0.505578093306288 0.12972972972972974 0.04766734279918864 0.14054054054054055
0 0.4239350912778905 0.11013513513513513 0.08113590263691683 0.10945945945945947
0 0.24543610547667344 0.08783783783783784 0.17647058823529413 0.17567567567567569
0 0.2028397565922921 0.0222972972972973 0.10547667342799188 0.0445945945945946
0 0.3316430020283976 0.4689189189189189 0.12170385395537525 0.021621621621621623
0 0.16176470588235295 0.44391891891891894 0.0922920892494929 0.07162162162162163
0 0.21855983772819473 0.3878378378378378 0.14908722109533468 0.1837837837837838
0 0.2484787018255578 0.23310810810810811 0.12271805273833672 0.1608108108108108
0 0.9543610547667343 0.3344594594594595 0.09127789046653144 0.18783783783783783
0 0.7931034482758621 0.15405405405405406 0.11967545638945233 0.1581081081081081
0 0.6881338742393509 0.2689189189189189 0.09939148073022312 0.13378378378378378
0 0.8453346855983773 0.4445945945945946 0.1896551724137931 0.07027027027027027
0 0.609026369168357 0.43648648648648647 0.11663286004056796 0.08648648648648649
0 0.5152129817444219 0.6905405405405406 0.028397565922920892 0.15675675675675677
0 0.4482758620689655 0.5493243243243243 0.16227180527383367 0.13918918918918918
0 0.40872210953346855 0.8777027027027027 0.12778904665314403 0.17162162162162162
0 0.7900608519269777 0.5831081081081081 0.11156186612576065 0.1527027027027027
0 0.6424949290060852 0.5675675675675675 0.1876267748478702 0.17567567567567569
0 0.5811359026369168 0.5209459459459459 0.10344827586206896 0.08243243243243244
0 0.8356997971602435 0.947972972972973 0.11967545638945233 0.10405405405405406
0 0.6262677484787018 0.970945945945946 0.09432048681541583 0.05810810810810811
0 0.5623732251521298 0.8702702702702703 0.06592292089249494 0.1972972972972973
0 0.5588235294117647 0.6871621621621622 0.058823529411764705 0.1472972972972973
0 0.8767748478701826 0.595945945945946 0.08316430020283976 0.11216216216216217