0 0.02235294117647059 0.2783018867924528 0.04470588235294118 0.2861635220125786
0 0.06588235294117648 0.5267295597484277 0.11529411764705882 0.0440251572327044
0 0.33294117647058824 0.08883647798742138 0.1011764705882353 0.13522012578616352
0 0.34 0.04716981132075472 0.10352941176470588 0.09433962264150944
0 0.03176470588235294 0.07468553459119497 0.06352941176470588 0.14937106918238993
0 0.4076470588235294 0.34591194968553457 0.09647058823529411 0.1289308176100629
0 0.2211764705882353 0.5165094339622641 0.13176470588235295 0.06446540880503145
0 0.9547058823529412 0.09040880503144653 0.09058823529411765 0.14622641509433962
0 0.861764705882353 0.13443396226415094 0.18823529411764706 0.25157232704402516
0 0.6805882352941176 0.20047169811320756 0.26 0.3474842767295597
0 0.6076470588235294 0.52437106918239 0.13058823529411764 0.04874213836477988
0 0.9829411764705882 0.43160377358490565 0.03411764705882353 0.19025157232704404
0 0.4041176470588235 0.97562893081761 0.13058823529411764 0.04874213836477988
0 0.8629411764705882 0.595125786163522 0.11647058823529412 0.09276729559748427
0 0.6211764705882353 0.6234276729559748 0.12470588235294118 0.14937106918238993
0 0.7611764705882353 0.8860062893081762 0.12588235294117647 0.16823899371069181
0 0.6752941176470588 0.960691823899371 0.24235294117647058 0.07861635220125786