0 0.024327122153209108 0.11256906077348067 0.048654244306418216 0.19475138121546962
0 0.9855072463768116 0.40400552486187846 0.028985507246376812 0.19475138121546962
0 0.7458592132505176 0.17955801104972377 0.09523809523809523 0.11878453038674033
0 0.6200828157349897 0.04419889502762431 0.17184265010351968 0.08839779005524862
0 0.4834368530020704 0.11740331491712708 0.14596273291925466 0.19475138121546962
0 0.38819875776397517 0.35566298342541436 0.037267080745341616 0.1477900552486188
0 0.2422360248447205 0.9150552486187845 0.09006211180124224 0.12569060773480664
0 0.2432712215320911 0.960635359116022 0.08902691511387163 0.0787292817679558
0 0.09989648033126294 0.7071823204419889 0.14492753623188406 0.1850828729281768
0 0.6915113871635611 0.8197513812154696 0.16045548654244307 0.21823204419889503
0 0.567287784679089 0.8998618784530387 0.11283643892339544 0.15883977900552487
0 0.43478260869565216 0.8832872928176796 0.13043478260869565 0.20303867403314918
0 0.3918219461697723 0.7955801104972375 0.044513457556935816 0.1712707182320442