0 0.049876847290640396 0.04029605263157895 0.050492610837438424 0.0805921052631579
0 0.12807881773399016 0.05345394736842105 0.0960591133004926 0.1069078947368421
0 0.19088669950738915 0.0912828947368421 0.09482758620689655 0.14309210526315788
0 0.5437192118226601 0.18338815789473684 0.15147783251231528 0.23190789473684212
0 0.4353448275862069 0.34868421052631576 0.1354679802955665 0.16447368421052633
0 0.2623152709359606 0.5863486842105263 0.1354679802955665 0.024671052631578948
0 0.44273399014778325 0.53125 0.17364532019704434 0.13486842105263158
0 0.6539408866995073 0.14720394736842105 0.06896551724137931 0.2450657894736842
0 0.9051724137931034 0.25493421052631576 0.11945812807881774 0.15789473684210525
0 0.6527093596059114 0.5320723684210527 0.0665024630541872 0.13322368421052633
0 0.9729064039408867 0.4876644736842105 0.054187192118226604 0.09375
0 0.2801724137931034 0.884046052631579 0.11822660098522167 0.14309210526315788
0 0.8275862068965517 0.8338815789473685 0.14655172413793102 0.18421052631578946
0 0.9741379310344828 0.9712171052631579 0.05172413793103448 0.05756578947368421