0 0.04943181818181818 0.3575757575757576 0.09886363636363636 0.16666666666666666
0 0.22215909090909092 0.32272727272727275 0.16818181818181818 0.27121212121212124
0 0.3176136363636364 0.353030303030303 0.14431818181818182 0.19090909090909092
0 0.2539772727272727 0.10984848484848485 0.12727272727272726 0.1409090909090909
0 0.5238636363636363 0.39621212121212124 0.10113636363636364 0.16666666666666666
0 0.6943181818181818 0.36363636363636365 0.16704545454545455 0.28484848484848485
0 0.7994318181818182 0.37727272727272726 0.15 0.19090909090909092
0 0.6994318181818182 0.013636363636363636 0.15795454545454546 0.02727272727272727
0 0.7522727272727273 0.1318181818181818 0.125 0.1318181818181818
0 0.43068181818181817 0.4356060606060606 0.07727272727272727 0.11969696969696969
0 0.09488636363636363 0.9462121212121212 0.10795454545454546 0.10757575757575757
0 0.33125 0.703030303030303 0.11704545454545455 0.1606060606060606
0 0.4994318181818182 0.8196969696969697 0.08295454545454546 0.11666666666666667
0 0.9460227272727273 0.9613636363636363 0.0875 0.07727272727272727
0 0.9335227272727272 0.6537878787878788 0.13295454545454546 0.0893939393939394