0 0.19891304347826086 0.24130434782608695 0.21304347826086956 0.2565217391304348
0 0.23152173913043478 0.3239130434782609 0.15217391304347827 0.09130434782608696
0 0.14076086956521738 0.06811594202898551 0.12717391304347825 0.13623188405797101
0 0.6418478260869566 0.020289855072463767 0.125 0.04057971014492753
0 0.6059782608695652 0.1072463768115942 0.11413043478260869 0.15217391304347827
0 0.7320652173913044 0.1108695652173913 0.19891304347826086 0.2217391304347826
0 0.8706521739130435 0.16014492753623188 0.20108695652173914 0.26811594202898553
0 0.03804347826086957 0.7072463768115942 0.07608695652173914 0.2608695652173913
0 0.058152173913043476 0.7913043478260869 0.11630434782608695 0.1855072463768116
0 0.4081521739130435 0.6376811594202898 0.12282608695652174 0.1826086956521739
0 0.33043478260869563 0.8615942028985507 0.08152173913043478 0.10869565217391304
0 0.9521739130434783 0.6043478260869565 0.09565217391304348 0.2579710144927536
0 0.9396739130434782 0.5101449275362319 0.12065217391304348 0.2811594202898551
0 0.6092391304347826 0.40217391304347827 0.10543478260869565 0.06521739130434782
0 0.5277173913043478 0.6021739130434782 0.11630434782608695 0.18405797101449275
0 0.6923913043478261 0.8405797101449275 0.1565217391304348 0.20869565217391303
0 0.8543478260869565 0.8268115942028985 0.11195652173913044 0.1492753623188406
0 0.8733695652173913 0.9760869565217392 0.15978260869565217 0.04782608695652174