0 0.5070194384449244 0.07276657060518732 0.1630669546436285 0.14553314121037464
0 0.382829373650108 0.2413544668587896 0.10691144708423327 0.138328530259366
0 0.04859611231101512 0.0814121037463977 0.09719222462203024 0.13688760806916425
0 0.2359611231101512 0.27593659942363113 0.12526997840172785 0.14985590778097982
0 0.43898488120950324 0.40706051873198845 0.12203023758099352 0.0446685878962536
0 0.9044276457883369 0.1239193083573487 0.19114470842332612 0.2478386167146974
0 0.7111231101511879 0.39121037463976943 0.11555075593952484 0.07636887608069164
0 0.2386609071274298 0.45821325648414984 0.09071274298056156 0.05763688760806916
0 0.2688984881209503 0.5309798270893372 0.06047516198704104 0.08213256484149856
0 0.28725701943844495 0.6174351585014409 0.10691144708423327 0.15129682997118155
0 0.32883369330453566 0.7564841498559077 0.10691144708423327 0.14697406340057637
0 0.40496760259179265 0.9265129682997119 0.18142548596112312 0.14697406340057637
0 0.4794816414686825 0.9755043227665706 0.13174946004319654 0.04899135446685879
0 0.04319654427645788 0.9560518731988472 0.08639308855291576 0.08789625360230548
0 0.6193304535637149 0.49639769452449567 0.03995680345572354 0.1340057636887608
0 0.6976241900647948 0.5064841498559077 0.1879049676025918 0.15417867435158503
0 0.6128509719222462 0.8544668587896254 0.026997840172786176 0.17579250720461095
0 0.8482721382289417 0.5295389048991355 0.21058315334773217 0.20028818443804033
0 0.9584233261339092 0.8998559077809798 0.08315334773218143 0.15994236311239193