0 0.5239872068230277 0.13603988603988604 0.10660980810234541 0.1467236467236467
0 0.6380597014925373 0.3311965811965812 0.1631130063965885 0.3319088319088319
0 0.5911513859275054 0.6047008547008547 0.09914712153518124 0.04985754985754986
0 0.32142857142857145 0.24002849002849003 0.11940298507462686 0.15669515669515668
0 0.13166311300639658 0.23433048433048434 0.10021321961620469 0.13105413105413105
0 0.09115138592750532 0.43304843304843305 0.09701492537313433 0.12535612535612536
0 0.8726012793176973 0.05982905982905983 0.1460554371002132 0.11965811965811966
0 0.9525586353944563 0.20584045584045585 0.09488272921108742 0.32051282051282054
0 0.935501066098081 0.5569800569800569 0.12260127931769722 0.1452991452991453
0 0.4445628997867804 0.7727920227920227 0.22281449893390193 0.21225071225071226
0 0.43070362473347545 0.9088319088319088 0.13219616204690832 0.18233618233618235
0 0.12526652452025586 0.7977207977207977 0.12366737739872068 0.2037037037037037
0 0.2622601279317697 0.8810541310541311 0.08955223880597014 0.15527065527065528
0 0.02398720682302772 0.9522792022792023 0.04797441364605544 0.09544159544159544
0 0.9712153518123667 0.8311965811965812 0.057569296375266525 0.13532763532763534
0 0.835820895522388 0.9472934472934473 0.09808102345415778 0.10541310541310542
0 0.7659914712153518 0.688034188034188 0.09275053304904052 0.1168091168091168