0 0.5131048387096774 0.041666666666666664 0.09879032258064516 0.08333333333333333
0 0.14969758064516128 0.11559139784946236 0.10483870967741936 0.12903225806451613
0 0.5110887096774194 0.3138440860215054 0.09778225806451613 0.13440860215053763
0 0.577116935483871 0.4946236559139785 0.08770161290322581 0.04838709677419355
0 0.9808467741935484 0.3481182795698925 0.038306451612903226 0.18010752688172044
0 0.5388104838709677 0.5813172043010753 0.09778225806451613 0.125
0 0.6098790322580645 0.7970430107526881 0.08266129032258064 0.11290322580645161
0 0.4939516129032258 0.9146505376344086 0.07762096774193548 0.11021505376344086
0 0.6476814516129032 0.969758064516129 0.06350806451612903 0.05510752688172043
0 0.11945564516129033 0.9831989247311828 0.08366935483870967 0.033602150537634407
0 0.8820564516129032 0.7513440860215054 0.10887096774193548 0.13306451612903225
0 0.9178427419354839 0.9717741935483871 0.08366935483870967 0.056451612903225805
0 0.8059475806451613 0.9596774193548387 0.08165322580645161 0.08064516129032258