0 0.44781553398058255 0.25970873786407767 0.0970873786407767 0.14724919093851133
0 0.2942961165048544 0.1011326860841424 0.16868932038834952 0.2022653721682848
0 0.1953883495145631 0.07281553398058252 0.12864077669902912 0.14563106796116504
0 0.9654126213592233 0.34061488673139156 0.0691747572815534 0.11488673139158576
0 0.9441747572815534 0.25970873786407767 0.09223300970873786 0.16019417475728157
0 0.8440533980582524 0.13511326860841424 0.0825242718446602 0.11165048543689321
0 0.6826456310679612 0.030744336569579287 0.17354368932038836 0.061488673139158574
0 0.4866504854368932 0.8511326860841424 0.04611650485436893 0.2977346278317152
0 0.3574029126213592 0.9644012944983819 0.13470873786407767 0.07119741100323625
0 0.2609223300970874 0.9652103559870551 0.10679611650485436 0.06957928802588997
0 0.25 0.6779935275080906 0.08737864077669903 0.1343042071197411
0 0.591626213592233 0.7912621359223301 0.10072815533980582 0.1262135922330097
0 0.6808252427184466 0.9441747572815534 0.07766990291262135 0.11165048543689321
0 0.8561893203883495 0.86084142394822 0.08737864077669903 0.12297734627831715
0 0.8622572815533981 0.6262135922330098 0.16868932038834952 0.2524271844660194