0 0.35744234800838576 0.12150837988826815 0.11215932914046121 0.15921787709497207
0 0.28459119496855345 0.3128491620111732 0.18658280922431866 0.26256983240223464
0 0.22012578616352202 0.4022346368715084 0.1509433962264151 0.19553072625698323
0 0.38941299790356393 0.45321229050279327 0.11844863731656184 0.0935754189944134
0 0.38155136268343814 0.030726256983240222 0.08385744234800839 0.061452513966480445
0 0.6750524109014675 0.02653631284916201 0.07127882599580712 0.05307262569832402
0 0.6588050314465409 0.08100558659217877 0.10377358490566038 0.14664804469273743
0 0.620020964360587 0.22276536312849163 0.10377358490566038 0.1424581005586592
0 0.5817610062893082 0.40782122905027934 0.10482180293501048 0.18435754189944134
0 0.9219077568134172 0.4329608938547486 0.12683438155136267 0.1340782122905028
0 0.9627882599580713 0.4727653631284916 0.07442348008385745 0.05446927374301676
0 0.6719077568134172 0.4574022346368715 0.1278825995807128 0.08519553072625698
0 0.43134171907756813 0.5405027932960894 0.1918238993710692 0.08100558659217877
0 0.27882599580712786 0.5600558659217877 0.2180293501048218 0.12011173184357542
0 0.15775681341719078 0.8596368715083799 0.12159329140461216 0.16201117318435754
0 0.5141509433962265 0.8086592178770949 0.03039832285115304 0.17039106145251395
0 0.7342767295597484 0.7192737430167597 0.09853249475890985 0.12988826815642457
0 0.7625786163522013 0.5544692737430168 0.08280922431865828 0.10893854748603352
0 0.9245283018867925 0.5502793296089385 0.09014675052410902 0.1005586592178771
0 0.9512578616352201 0.7213687150837989 0.09748427672955975 0.24441340782122906
0 0.8642557651991615 0.9706703910614525 0.12473794549266247 0.05865921787709497