0 0.3975826972010178 0.11904761904761904 0.044529262086514 0.19387755102040816
0 0.015903307888040712 0.19727891156462585 0.031806615776081425 0.20748299319727892
0 0.43320610687022904 0.09863945578231292 0.026717557251908396 0.16666666666666666
0 0.8893129770992366 0.050170068027210885 0.1628498727735369 0.10034013605442177
0 0.7595419847328244 0.15901360544217688 0.138676844783715 0.19387755102040816
0 0.7951653944020356 0.38860544217687076 0.17302798982188294 0.20238095238095238
0 0.18002544529262088 0.8086734693877551 0.14249363867684478 0.18027210884353742
0 0.056615776081424936 0.5578231292517006 0.11323155216284987 0.1360544217687075
0 0.15076335877862596 0.4991496598639456 0.1183206106870229 0.01870748299319728
0 0.2589058524173028 0.6224489795918368 0.10814249363867684 0.14625850340136054
0 0.7169211195928753 0.8860544217687075 0.19720101781170485 0.22789115646258504
0 0.648854961832061 0.5331632653061225 0.1272264631043257 0.08673469387755102
0 0.9128498727735369 0.5093537414965986 0.13358778625954199 0.0391156462585034
0 0.9338422391857506 0.5977891156462585 0.13231552162849872 0.195578231292517