0 0.3119158878504673 0.3909657320872274 0.11565420560747663 0.1526479750778816
0 0.3510514018691589 0.1573208722741433 0.07593457943925233 0.13707165109034267
0 0.2692757009345794 0.16510903426791276 0.09813084112149532 0.13551401869158877
0 0.2038551401869159 0.13161993769470404 0.09929906542056074 0.14174454828660435
0 0.9842289719626168 0.36838006230529596 0.03154205607476635 0.19158878504672897
0 0.9760514018691588 0.14719626168224298 0.04789719626168224 0.15109034267912771
0 0.6939252336448598 0.018691588785046728 0.14018691588785046 0.037383177570093455
0 0.5776869158878505 0.11059190031152648 0.1647196261682243 0.21339563862928349
0 0.36740654205607476 0.8995327102803738 0.04322429906542056 0.13239875389408098
0 0.2844626168224299 0.7445482866043613 0.19042056074766356 0.23052959501557632
0 0.039135514018691586 0.6448598130841121 0.07827102803738317 0.03115264797507788
0 0.03154205607476635 0.7616822429906542 0.0630841121495327 0.17757009345794392
0 0.7605140186915887 0.7476635514018691 0.1822429906542056 0.2367601246105919