0 0.09975369458128079 0.4473684210526316 0.12315270935960591 0.10526315789473684
0 0.22475369458128078 0.18832236842105263 0.1477832512315271 0.19901315789473684
0 0.5406403940886699 0.04276315789473684 0.1206896551724138 0.08552631578947369
0 0.7863300492610837 0.17598684210526316 0.1748768472906404 0.23190789473684212
0 0.9507389162561576 0.05838815789473684 0.09852216748768473 0.11677631578947369
0 0.07389162561576355 0.5953947368421053 0.1477832512315271 0.19078947368421054
0 0.9427339901477833 0.9481907894736842 0.1145320197044335 0.10361842105263158
0 0.8516009852216748 0.8207236842105263 0.1724137931034483 0.23026315789473684
0 0.6330049261083743 0.618421052631579 0.12931034482758622 0.18421052631578946
0 0.4224137931034483 0.5731907894736842 0.0665024630541872 0.14638157894736842
0 0.9870689655172413 0.694078947368421 0.02586206896551724 0.125