0 0.1009719222462203 0.03025936599423631 0.1695464362850972 0.06051873198847262
0 0.3963282937365011 0.14985590778097982 0.11663066954643629 0.1484149855907781
0 0.042116630669546434 0.12031700288184438 0.08423326133909287 0.24063400576368876
0 0.09341252699784017 0.5115273775216138 0.10259179265658748 0.09510086455331412
0 0.5464362850971922 0.26296829971181557 0.17494600431965443 0.16570605187319884
0 0.5583153347732182 0.404178674351585 0.14254859611231102 0.16714697406340057
0 0.7408207343412527 0.4257925072046109 0.08207343412526998 0.13112391930835735
0 0.5107991360691144 0.061239193083573486 0.10367170626349892 0.1138328530259366
0 0.9460043196544277 0.06051873198847262 0.1079913606911447 0.12103746397694524
0 0.8828293736501079 0.3335734870317003 0.10907127429805616 0.17723342939481268
0 0.9800215982721382 0.4538904899135447 0.03995680345572354 0.10951008645533142
0 0.1560475161987041 0.7010086455331412 0.08747300215982722 0.1340057636887608
0 0.31371490280777536 0.8184438040345822 0.09719222462203024 0.11671469740634005
0 0.44600431965442766 0.8054755043227666 0.02591792656587473 0.15273775216138327
0 0.8563714902807775 0.6729106628242075 0.12958963282937366 0.1829971181556196