0 0.5855745721271394 0.21172638436482086 0.14058679706601468 0.3289902280130293
0 0.6937652811735942 0.16368078175895764 0.13080684596577016 0.1970684039087948
0 0.41075794621026895 0.26221498371335505 0.10024449877750612 0.1791530944625407
0 0.1356968215158924 0.3574918566775244 0.10146699266503667 0.12866449511400652
0 0.8502444987775061 0.02035830618892508 0.09657701711491443 0.04071661237785016
0 0.5421760391198044 0.8371335504885994 0.1356968215158924 0.3257328990228013
0 0.6491442542787286 0.7866449511400652 0.13080684596577016 0.2280130293159609
0 0.6821515892420538 0.495928338762215 0.1100244498777506 0.11889250814332247
0 0.20660146699266504 0.4820846905537459 0.097799511002445 0.10423452768729642
0 0.15831295843520782 0.502442996742671 0.07823960880195599 0.12214983713355049
0 0.37286063569682154 0.8786644951140065 0.097799511002445 0.16775244299674266
0 0.10452322738386308 0.9462540716612378 0.1039119804400978 0.10749185667752444
0 0.8001222493887531 0.6148208469055375 0.08190709046454768 0.3338762214983713
0 0.8795843520782396 0.5561889250814332 0.1295843520782396 0.2182410423452769