0 0.48596112311015116 0.03818443804034582 0.028077753779697623 0.07636887608069164
0 0.30885529157667385 0.06556195965417867 0.17494600431965443 0.13112391930835735
0 0.3363930885529158 0.33069164265129686 0.1587473002159827 0.11671469740634005
0 0.3650107991360691 0.19452449567723343 0.13174946004319654 0.16138328530259366
0 0.9546436285097192 0.32060518731988474 0.09071274298056156 0.13688760806916425
0 0.927645788336933 0.0936599423631124 0.10475161987041037 0.13976945244956773
0 0.6960043196544277 0.31628242074927954 0.11123110151187905 0.14553314121037464
0 0.5610151187904968 0.27953890489913547 0.12203023758099352 0.21902017291066284
0 0.800755939524838 0.31195965417867433 0.10583153347732181 0.1484149855907781
0 0.46706263498920086 0.6073487031700289 0.06587473002159827 0.14553314121037464
0 0.31317494600431967 0.590057636887608 0.18682505399568033 0.2564841498559078
0 0.23704103671706264 0.520893371757925 0.13714902807775378 0.17723342939481268
0 0.28995680345572356 0.9293948126801153 0.1587473002159827 0.14121037463976946
0 0.2937365010799136 0.771613832853026 0.13174946004319654 0.16138328530259366
0 0.7721382289416847 0.7427953890489913 0.15766738660907129 0.22910662824207492
0 0.8682505399568035 0.7298270893371758 0.19438444924406048 0.3184438040345821
0 0.9789416846652268 0.7867435158501441 0.042116630669546434 0.17002881844380405
0 0.6695464362850972 0.9531700288184438 0.10583153347732181 0.0936599423631124
0 0.5275377969762419 0.952449567723343 0.0550755939524838 0.09510086455331412