0 0.47733160621761656 0.393598615916955 0.24481865284974094 0.09169550173010381
0 0.5446891191709845 0.3356401384083045 0.11010362694300518 0.1972318339100346
0 0.6696891191709845 0.3356401384083045 0.13601036269430053 0.1782006920415225
0 0.852979274611399 0.4143598615916955 0.12823834196891193 0.050173010380622836
0 0.9630829015544041 0.3313148788927336 0.07383419689119171 0.14359861591695502
0 0.4319948186528497 0.8589965397923875 0.22797927461139897 0.2422145328719723
0 0.4792746113989637 0.7162629757785467 0.1567357512953368 0.22145328719723184
0 0.586139896373057 0.9221453287197232 0.027202072538860103 0.15570934256055363
0 0.7001295336787565 0.8598615916955017 0.20077720207253885 0.2422145328719723
0 0.7344559585492227 0.7179930795847751 0.1567357512953368 0.22145328719723184
0 0.8801813471502591 0.9230103806228374 0.10492227979274611 0.15397923875432526