0 0.49243951612903225 0.176747311827957 0.06048387096774194 0.07795698924731183
0 0.3130040322580645 0.1081989247311828 0.14213709677419356 0.18951612903225806
0 0.24647177419354838 0.15591397849462366 0.07258064516129033 0.08736559139784947
0 0.4027217741935484 0.016129032258064516 0.11391129032258064 0.03225806451612903
0 0.9339717741935484 0.13911290322580644 0.1028225806451613 0.17069892473118278
0 0.8876008064516129 0.43010752688172044 0.08165322580645161 0.09946236559139784
0 0.6940524193548387 0.17473118279569894 0.07258064516129033 0.0967741935483871
0 0.3503024193548387 0.7446236559139785 0.12298387096774194 0.1922043010752688
0 0.547883064516129 0.5907258064516129 0.04334677419354839 0.14381720430107528
0 0.1159274193548387 0.6236559139784946 0.09274193548387097 0.12096774193548387
0 0.8961693548387096 0.946236559139785 0.0967741935483871 0.10752688172043011
0 0.8251008064516129 0.8481182795698925 0.09173387096774194 0.11693548387096774
0 0.7837701612903226 0.9516129032258065 0.13407258064516128 0.0967741935483871
0 0.6340725806451613 0.5961021505376344 0.10181451612903226 0.135752688172043