0 0.5218253968253969 0.23544973544973544 0.03571428571428571 0.12169312169312169
0 0.435515873015873 0.16997354497354497 0.05952380952380952 0.082010582010582
0 0.2748015873015873 0.0787037037037037 0.125 0.1574074074074074
0 0.20238095238095238 0.09656084656084656 0.07341269841269842 0.09656084656084656
0 0.5798611111111112 0.15674603174603174 0.051587301587301584 0.23809523809523808
0 0.6388888888888888 0.2863756613756614 0.08928571428571429 0.10714285714285714
0 0.41617063492063494 0.6441798941798942 0.061507936507936505 0.0992063492063492
0 0.4146825396825397 0.7784391534391535 0.10218253968253968 0.13227513227513227
0 0.18253968253968253 0.5773809523809523 0.10218253968253968 0.12169312169312169
0 0.5213293650793651 0.3915343915343915 0.03670634920634921 0.10317460317460317
0 0.44742063492063494 0.41335978835978837 0.07738095238095238 0.11375661375661375
0 0.16319444444444445 0.36177248677248675 0.08432539682539683 0.04365079365079365
0 0.07688492063492064 0.39285714285714285 0.06746031746031746 0.08994708994708994
0 0.9409722222222222 0.958994708994709 0.09821428571428571 0.082010582010582
0 0.8546626984126984 0.8723544973544973 0.06349206349206349 0.082010582010582
0 0.7857142857142857 0.923941798941799 0.09722222222222222 0.15211640211640212
0 0.6438492063492064 0.9781746031746031 0.20436507936507936 0.04365079365079365
0 0.7375992063492064 0.626984126984127 0.08928571428571429 0.12301587301587301
0 0.7743055555555556 0.40674603174603174 0.08531746031746032 0.11243386243386243
0 0.652281746031746 0.3531746031746032 0.07242063492063493 0.026455026455026454