0 0.44168466522678185 0.10590778097982709 0.10583153347732181 0.13688760806916425
0 0.33801295896328293 0.07564841498559077 0.17062634989200864 0.15129682997118155
0 0.38714902807775375 0.4510086455331412 0.11987041036717062 0.13544668587896252
0 0.18466522678185746 0.06628242074927954 0.20302375809935205 0.13256484149855907
0 0.01673866090712743 0.35518731988472624 0.03347732181425486 0.14553314121037464
0 0.9497840172786177 0.3969740634005764 0.08531317494600432 0.12536023054755044
0 0.902267818574514 0.26512968299711814 0.13390928725701945 0.17579250720461095
0 0.13930885529157666 0.5389048991354467 0.14254859611231102 0.040345821325648415
0 0.3093952483801296 0.6772334293948127 0.08099352051835854 0.11239193083573487
0 0.5026997840172787 0.9077809798270894 0.11339092872570194 0.1844380403458213
0 0.7338012958963283 0.8119596541786743 0.1447084233261339 0.21757925072046108
0 0.9724622030237581 0.7694524495677233 0.0550755939524838 0.15561959654178675