0 0.38689095127610207 0.18111455108359134 0.14501160092807425 0.18885448916408668
0 0.2627610208816705 0.04102167182662539 0.12645011600928074 0.08204334365325078
0 0.5667053364269141 0.08978328173374613 0.033642691415313224 0.12074303405572756
0 0.5922273781902552 0.326625386996904 0.08468677494199536 0.1826625386996904
0 0.798723897911833 0.10139318885448917 0.12180974477958237 0.17647058823529413
0 0.9321345707656613 0.15092879256965944 0.1357308584686775 0.3018575851393189
0 0.04640371229698376 0.760061919504644 0.09280742459396751 0.14551083591331268
0 0.21519721577726217 0.8157894736842105 0.1531322505800464 0.21207430340557276
0 0.30974477958236657 0.9388544891640866 0.27842227378190254 0.12229102167182662
0 0.3874709976798144 0.6114551083591331 0.14385150812064965 0.06501547987616099
0 0.15893271461716937 0.6989164086687306 0.08004640371229699 0.10681114551083591
0 0.5626450116009281 0.6803405572755418 0.025522041763341066 0.16253869969040247
0 0.6496519721577726 0.6919504643962848 0.09164733178654293 0.12229102167182662
0 0.8578886310904872 0.7128482972136223 0.19721577726218098 0.2678018575851393
0 0.9182134570765661 0.8003095975232198 0.11020881670533643 0.14705882352941177