0 0.3785097192224622 0.030979827089337175 0.10475161987041037 0.06195965417867435
0 0.0939524838012959 0.40778097982708933 0.08747300215982722 0.12680115273775217
0 0.5944924406047516 0.4164265129682997 0.15010799136069114 0.15273775216138327
0 0.6009719222462203 0.5014409221902018 0.14362850971922247 0.07492795389048991
0 0.7915766738660908 0.5237752161383286 0.07775377969762419 0.03025936599423631
0 0.796976241900648 0.035302593659942365 0.07775377969762419 0.07060518731988473
0 0.5529157667386609 0.21829971181556196 0.06695464362850972 0.10518731988472622
0 0.9632829373650108 0.1563400576368876 0.0734341252699784 0.15417867435158503
0 0.9314254859611231 0.4553314121037464 0.10691144708423327 0.16714697406340057
0 0.042116630669546434 0.9387608069164265 0.08423326133909287 0.12247838616714697
0 0.2894168466522678 0.5626801152737753 0.1079913606911447 0.04755043227665706
0 0.5021598272138229 0.6736311239193083 0.03455723542116631 0.1138328530259366
0 0.7764578833693304 0.6743515850144092 0.23650107991360692 0.15994236311239193
0 0.822354211663067 0.7910662824207493 0.15550755939524838 0.15994236311239193
0 0.9886609071274298 0.8270893371757925 0.02267818574514039 0.13544668587896252