0 0.15447154471544716 0.2971014492753623 0.14363143631436315 0.12318840579710146
0 0.3611111111111111 0.28351449275362317 0.23712737127371275 0.1503623188405797
0 0.4424119241192412 0.019927536231884056 0.1910569105691057 0.03985507246376811
0 0.4546070460704607 0.1503623188405797 0.15853658536585366 0.19927536231884058
0 0.044715447154471545 0.3061594202898551 0.08943089430894309 0.10507246376811594
0 0.8333333333333334 0.058876811594202896 0.14363143631436315 0.11775362318840579
0 0.9579945799457995 0.11594202898550725 0.08401084010840108 0.2318840579710145
0 0.739159891598916 0.04528985507246377 0.06097560975609756 0.09057971014492754
0 0.051490514905149054 0.8152173913043478 0.10298102981029811 0.16666666666666666
0 0.3584010840108401 0.3822463768115942 0.11788617886178862 0.04710144927536232
0 0.33062330623306235 0.5579710144927537 0.13821138211382114 0.18840579710144928
0 0.5779132791327913 0.7961956521739131 0.1978319783197832 0.2644927536231884
0 0.9051490514905149 0.6204710144927537 0.11924119241192412 0.16666666666666666