0 0.04563894523326572 0.16148648648648647 0.09127789046653144 0.27702702702702703
0 0.12322515212981744 0.13851351351351351 0.12880324543610547 0.17972972972972973
0 0.29259634888438135 0.36486486486486486 0.013184584178498986 0.1
0 0.5212981744421906 0.3641891891891892 0.07302231237322515 0.10135135135135136
0 0.9888438133874239 0.3 0.02231237322515213 0.23783783783783785
0 0.9102434077079108 0.14932432432432433 0.1308316430020284 0.17432432432432432
0 0.7099391480730223 0.051351351351351354 0.09533468559837728 0.10270270270270271
0 0.46247464503042596 0.05405405405405406 0.1643002028397566 0.10810810810810811
0 0.0537525354969574 0.7932432432432432 0.08417849898580122 0.09864864864864865
0 0.10547667342799188 0.8945945945945946 0.15821501014198783 0.21081081081081082
0 0.2063894523326572 0.9668918918918918 0.18559837728194725 0.06621621621621622
0 0.23732251521298176 0.5628378378378378 0.1075050709939148 0.14864864864864866
0 0.7099391480730223 0.8256756756756757 0.12880324543610547 0.19864864864864865
0 0.486815415821501 0.6554054054054054 0.10851926977687627 0.14864864864864866
0 0.9508113590263692 0.720945945945946 0.09634888438133875 0.12567567567567567
0 0.6257606490872211 0.4560810810810811 0.09127789046653144 0.07432432432432433
0 0.7068965517241379 0.4912162162162162 0.10547667342799188 0.14324324324324325
0 0.9883367139959433 0.5033783783783784 0.02332657200811359 0.11216216216216217