0 0.04948586118251928 0.032534246575342464 0.09897172236503857 0.06506849315068493
0 0.04627249357326478 0.0916095890410959 0.09254498714652956 0.1558219178082192
0 0.13624678663239073 0.5034246575342466 0.20565552699228792 0.09246575342465753
0 0.8849614395886889 0.2046232876712329 0.20051413881748073 0.2671232876712329
0 0.6143958868894601 0.04195205479452055 0.14138817480719795 0.0839041095890411
0 0.519280205655527 0.324486301369863 0.10025706940874037 0.1832191780821918
0 0.6041131105398457 0.4049657534246575 0.15424164524421594 0.2054794520547945
0 0.41452442159383035 0.6601027397260274 0.10925449871465295 0.2208904109589041
0 0.44794344473007713 0.7654109589041096 0.042416452442159386 0.2534246575342466
0 0.3380462724935733 0.913527397260274 0.13110539845758354 0.17294520547945205
0 0.15231362467866325 0.9058219178082192 0.18123393316195371 0.18835616438356165
0 0.02699228791773779 0.7508561643835616 0.05398457583547558 0.11815068493150685
0 0.9537275064267352 0.6429794520547946 0.09254498714652956 0.1832191780821918