0 0.05257731958762887 0.4635989010989011 0.10515463917525773 0.21016483516483517
0 0.10824742268041238 0.5 0.14432989690721648 0.13736263736263737
0 0.0711340206185567 0.10645604395604395 0.1422680412371134 0.18269230769230768
0 0.088659793814433 0.2918956043956044 0.11649484536082474 0.1346153846153846
0 0.30051546391752576 0.18406593406593408 0.11030927835051546 0.13324175824175824
0 0.39123711340206185 0.2623626373626374 0.05670103092783505 0.12912087912087913
0 0.07731958762886598 0.019230769230769232 0.08247422680412371 0.038461538461538464
0 0.46855670103092784 0.3392857142857143 0.08041237113402062 0.16346153846153846
0 0.5262886597938145 0.4793956043956044 0.13711340206185568 0.17857142857142858
0 0.6061855670103092 0.5350274725274725 0.15876288659793814 0.0673076923076923
0 0.7329896907216494 0.4072802197802198 0.08144329896907217 0.11263736263736264
0 0.959278350515464 0.1304945054945055 0.08144329896907217 0.15384615384615385
0 0.7345360824742269 0.07417582417582418 0.1865979381443299 0.14835164835164835
0 0.08247422680412371 0.9663461538461539 0.10927835051546392 0.0673076923076923
0 0.3670103092783505 0.8042582417582418 0.10515463917525773 0.2815934065934066
0 0.2463917525773196 0.7898351648351648 0.10412371134020619 0.1565934065934066
0 0.029381443298969072 0.7788461538461539 0.058762886597938144 0.12637362637362637
0 0.45824742268041235 0.8585164835164835 0.07731958762886598 0.12362637362637363
0 0.6525773195876289 0.6332417582417582 0.10103092783505155 0.12912087912087913
0 0.8561855670103092 0.7774725274725275 0.1463917525773196 0.19505494505494506
0 0.9768041237113402 0.6703296703296703 0.04639175257731959 0.12362637362637363