0 0.032474226804123714 0.10370879120879122 0.06494845360824743 0.13324175824175824
0 0.06134020618556701 0.24587912087912087 0.08041237113402062 0.09065934065934066
0 0.14536082474226805 0.1717032967032967 0.1463917525773196 0.22115384615384615
0 0.2943298969072165 0.10782967032967034 0.20103092783505155 0.21428571428571427
0 0.5139175257731958 0.3550824175824176 0.09175257731958762 0.14972527472527472
0 0.6541237113402062 0.09958791208791208 0.10412371134020619 0.14285714285714285
0 0.5891752577319588 0.30631868131868134 0.058762886597938144 0.12087912087912088
0 0.6902061855670103 0.40934065934065933 0.08350515463917525 0.04120879120879121
0 0.08144329896907217 0.8276098901098901 0.11237113402061856 0.27472527472527475
0 0.16237113402061856 0.9141483516483516 0.11855670103092783 0.15247252747252749
0 0.4190721649484536 0.8076923076923077 0.06494845360824743 0.0989010989010989
0 0.4572164948453608 0.6737637362637363 0.01958762886597938 0.07142857142857142
0 0.8448453608247423 0.7142857142857143 0.07628865979381444 0.11401098901098901
0 0.8912371134020619 0.8104395604395604 0.050515463917525774 0.11401098901098901
0 0.8644329896907217 0.8962912087912088 0.09175257731958762 0.20741758241758243
0 0.7149484536082474 0.9677197802197802 0.1309278350515464 0.06456043956043957