0 0.3134715025906736 0.3806228373702422 0.031088082901554404 0.15916955017301038
0 0.1483160621761658 0.3140138408304498 0.19300518134715025 0.2768166089965398
0 0.05764248704663212 0.3555363321799308 0.11528497409326424 0.18166089965397925
0 0.17616580310880828 0.09688581314878893 0.14766839378238342 0.15916955017301038
0 0.7636010362694301 0.3884083044982699 0.15932642487046633 0.2508650519031142
0 0.45984455958549225 0.24048442906574394 0.12046632124352331 0.157439446366782
0 0.7784974093264249 0.025086505190311418 0.13212435233160622 0.050173010380622836
0 0.30375647668393785 0.9653979238754326 0.050518134715025906 0.06920415224913495
0 0.31088082901554404 0.7525951557093425 0.03626943005181347 0.12802768166089964
0 0.7428756476683938 0.9783737024221453 0.09455958549222798 0.04325259515570934
0 0.5880829015544041 0.745674740484429 0.10621761658031088 0.11418685121107267
0 0.35751295336787564 0.7975778546712803 0.05699481865284974 0.2179930795847751