0 0.04321663019693654 0.21574344023323616 0.08643326039387308 0.13411078717201166
0 0.27297592997811815 0.2725947521865889 0.10393873085339168 0.13556851311953352
0 0.45459518599562365 0.21428571428571427 0.08424507658643327 0.12244897959183673
0 0.5317286652078774 0.37682215743440234 0.09190371991247265 0.08600583090379009
0 0.06947483588621445 0.09912536443148688 0.05798687089715536 0.07725947521865889
0 0.8440919037199125 0.024052478134110787 0.06892778993435449 0.048104956268221574
0 0.12855579868708972 0.5291545189504373 0.18490153172866522 0.1588921282798834
0 0.14387308533916848 0.6567055393586005 0.11269146608315099 0.16326530612244897
0 0.43052516411378555 0.47303206997084546 0.09956236323851203 0.10641399416909621
0 0.3057986870897155 0.5495626822157434 0.0711159737417943 0.14431486880466474
0 0.5689277899343544 0.577259475218659 0.04157549234135667 0.11370262390670553
0 0.48577680525164113 0.7725947521865889 0.1838074398249453 0.15160349854227406
0 0.5071115973741794 0.935131195335277 0.1652078774617068 0.12973760932944606
0 0.5278993435448578 0.9795918367346939 0.12363238512035012 0.04081632653061224
0 0.7100656455142232 0.4970845481049563 0.15536105032822758 0.15451895043731778
0 0.8840262582056893 0.500728862973761 0.07658643326039387 0.1151603498542274
0 0.9053610503282276 0.7252186588921283 0.08096280087527352 0.10787172011661808
0 0.8057986870897156 0.8279883381924198 0.09518599562363239 0.13119533527696792