0 0.09430255402750491 0.6531413612565445 0.07465618860510806 0.05235602094240838
0 0.11886051080550099 0.6073298429319371 0.07367387033398821 0.11125654450261781
0 0.6291748526522594 0.6459424083769634 0.10903732809430255 0.06675392670157068
0 0.5888998035363457 0.14463350785340315 0.03339882121807466 0.0693717277486911
0 0.32612966601178783 0.32657068062827227 0.14047151277013753 0.17801047120418848
0 0.19548133595284872 0.28206806282722513 0.10510805500982318 0.12696335078534032
0 0.012770137524557957 0.19764397905759162 0.025540275049115914 0.1256544502617801
0 0.12180746561886051 0.14594240837696335 0.13654223968565815 0.1518324607329843
0 0.11836935166994106 0.03926701570680628 0.1168958742632613 0.07853403141361257
0 0.7215127701375246 0.6263089005235603 0.06385068762278978 0.10602094240837696
0 0.7858546168958742 0.28534031413612565 0.07269155206286837 0.0968586387434555
0 0.8035363457760314 0.03664921465968586 0.0825147347740668 0.07329842931937172
0 0.20776031434184675 0.8527486910994765 0.07367387033398821 0.11125654450261781
0 0.581041257367387 0.7297120418848168 0.09135559921414538 0.10078534031413612
0 0.7352652259332023 0.7650523560209425 0.08447937131630648 0.14267015706806283
0 0.8467583497053045 0.7113874345549738 0.14145383104125736 0.06413612565445026
0 0.7048133595284872 0.8678010471204188 0.030451866404715127 0.1256544502617801