0 0.8529040404040404 0.25757575757575757 0.14015151515151514 0.04377104377104377
0 0.36237373737373735 0.029461279461279462 0.12626262626262627 0.058922558922558925
0 0.7203282828282829 0.03956228956228956 0.14772727272727273 0.07912457912457913
0 0.15214646464646464 0.9377104377104377 0.11237373737373738 0.12457912457912458
0 0.14772727272727273 0.8501683501683501 0.1148989898989899 0.1531986531986532
0 0.22095959595959597 0.38636363636363635 0.13636363636363635 0.2138047138047138
0 0.0845959595959596 0.43265993265993263 0.14772727272727273 0.19528619528619529
0 0.4703282828282828 0.9865319865319865 0.10984848484848485 0.026936026936026935
0 0.7171717171717171 0.9595959595959596 0.13383838383838384 0.08080808080808081
0 0.6843434343434344 0.38047138047138046 0.19696969696969696 0.20202020202020202
0 0.6685606060606061 0.49915824915824913 0.25757575757575757 0.3484848484848485
0 0.5776515151515151 0.7053872053872053 0.1452020202020202 0.19528619528619529