0 0.3345959595959596 0.12037037037037036 0.2196969696969697 0.24074074074074073
0 0.3819444444444444 0.234006734006734 0.17929292929292928 0.2441077441077441
0 0.2196969696969697 0.3947811447811448 0.12373737373737374 0.10942760942760943
0 0.875 0.29292929292929293 0.2196969696969697 0.31313131313131315
0 0.9160353535353535 0.38636363636363635 0.16792929292929293 0.12626262626262627
0 0.7929292929292929 0.08333333333333333 0.13131313131313133 0.16666666666666666
0 0.22095959595959597 0.4797979797979798 0.06565656565656566 0.06060606060606061
0 0.24431818181818182 0.5673400673400674 0.1275252525252525 0.17676767676767677
0 0.27904040404040403 0.7323232323232324 0.12626262626262627 0.1717171717171717
0 0.35542929292929293 0.914983164983165 0.22601010101010102 0.17003367003367004
0 0.9375 0.7651515151515151 0.125 0.18013468013468015
0 0.6022727272727273 0.4797979797979798 0.12878787878787878 0.06060606060606061
0 0.5422979797979798 0.6818181818181818 0.06691919191919192 0.16835016835016836
0 0.7178030303030303 0.9326599326599326 0.19065656565656566 0.13468013468013468