0 0.35253456221198154 0.11076923076923077 0.1728110599078341 0.22153846153846155
0 0.5938940092165899 0.18076923076923077 0.16705069124423963 0.11846153846153847
0 0.6970046082949308 0.20923076923076922 0.1497695852534562 0.06153846153846154
0 0.6342165898617511 0.04461538461538461 0.12557603686635946 0.08923076923076922
0 0.315668202764977 0.5376923076923077 0.14631336405529954 0.22615384615384615
0 0.0771889400921659 0.35 0.09216589861751152 0.15692307692307692
0 0.478110599078341 0.9723076923076923 0.07834101382488479 0.055384615384615386
0 0.7580645161290323 0.6838461538461539 0.13940092165898618 0.3030769230769231
0 0.8675115207373272 0.6523076923076923 0.13709677419354838 0.20615384615384616
0 0.8911290322580645 0.39384615384615385 0.10599078341013825 0.12
0 0.46486175115207373 0.3253846153846154 0.05184331797235023 0.1123076923076923
0 0.44297235023041476 0.3546153846153846 0.008064516129032258 0.10307692307692308
0 0.591589861751152 0.7123076923076923 0.09331797235023041 0.16153846153846155
0 0.8145161290322581 0.25384615384615383 0.12672811059907835 0.027692307692307693