0 0.410913140311804 0.012648809523809524 0.09799554565701558 0.025297619047619048
0 0.30679287305122493 0.23288690476190477 0.09020044543429843 0.13988095238095238
0 0.13975501113585745 0.21875 0.16592427616926503 0.35119047619047616
0 0.0645879732739421 0.27232142857142855 0.1291759465478842 0.24702380952380953
0 0.9370824053452116 0.044642857142857144 0.12583518930957685 0.08928571428571429
0 0.967706013363029 0.31026785714285715 0.0645879732739421 0.11458333333333333
0 0.5389755011135857 0.14360119047619047 0.08574610244988864 0.13095238095238096
0 0.5478841870824054 0.47470238095238093 0.1358574610244989 0.08928571428571429
0 0.361358574610245 0.8005952380952381 0.15256124721603564 0.33035714285714285
0 0.2661469933184855 0.8467261904761905 0.1403118040089087 0.22470238095238096
0 0.03841870824053452 0.5952380952380952 0.05456570155902005 0.11755952380952381
0 0.9320712694877505 0.5327380952380952 0.0556792873051225 0.026785714285714284
0 0.5506681514476615 0.6041666666666666 0.14142538975501115 0.16964285714285715
0 0.5 0.6004464285714286 0.0400890868596882 0.16220238095238096
0 0.7037861915367484 0.5647321428571429 0.0957683741648107 0.09077380952380952
0 0.8424276169265034 0.8950892857142857 0.042316258351893093 0.1056547619047619
0 0.8134743875278396 0.9188988095238095 0.08351893095768374 0.11607142857142858