0 0.4176646706586826 0.08444148936170212 0.10578842315369262 0.1422872340425532
0 0.4111776447105788 0.22872340425531915 0.0998003992015968 0.12898936170212766
0 0.3068862275449102 0.15824468085106383 0.16966067864271456 0.22872340425531915
0 0.17165668662674652 0.15824468085106383 0.18562874251497005 0.2127659574468085
0 0.5409181636726547 0.19614361702127658 0.041916167664670656 0.16622340425531915
0 0.9630738522954092 0.38563829787234044 0.07385229540918163 0.08776595744680851
0 0.8842315369261478 0.2586436170212766 0.11277445109780439 0.15425531914893617
0 0.28592814371257486 0.6648936170212766 0.0748502994011976 0.09973404255319149
0 0.3273453093812375 0.8224734042553191 0.08682634730538923 0.1196808510638298
0 0.1342315369261477 0.9554521276595744 0.08083832335329341 0.08909574468085106
0 0.08632734530938124 0.851063829787234 0.12574850299401197 0.16489361702127658
0 0.46706586826347307 0.9753989361702128 0.10578842315369262 0.04920212765957447
0 0.8962075848303394 0.7872340425531915 0.13872255489021956 0.20345744680851063