0 0.180793991416309 0.22206303724928367 0.09334763948497854 0.12464183381088825
0 0.6968884120171673 0.33954154727793695 0.21566523605150215 0.20057306590257878
0 0.5874463519313304 0.2636103151862464 0.17489270386266095 0.2492836676217765
0 0.671137339055794 0.2184813753581662 0.21351931330472104 0.3037249283667622
0 0.9055793991416309 0.04799426934097421 0.09656652360515021 0.09598853868194843
0 0.8814377682403434 0.2020057306590258 0.08583690987124463 0.10744985673352435
0 0.3186695278969957 0.7585959885386819 0.1223175965665236 0.14469914040114612
0 0.3111587982832618 0.5487106017191977 0.19957081545064378 0.2177650429799427
0 0.27253218884120173 0.4806590257879656 0.148068669527897 0.08166189111747851
0 0.4490343347639485 0.4906876790830946 0.10193133047210301 0.1017191977077364
0 0.3020386266094421 0.8968481375358166 0.11051502145922747 0.13753581661891118
0 0.5354077253218884 0.9598853868194842 0.07081545064377683 0.08022922636103152
0 0.5541845493562232 0.7270773638968482 0.08798283261802575 0.11461318051575932
0 0.8589055793991416 0.7170487106017192 0.20493562231759657 0.2607449856733524
0 0.9522532188841202 0.5902578796561605 0.09549356223175966 0.13753581661891118