0 0.2994579945799458 0.22735507246376813 0.11924119241192412 0.10326086956521739
0 0.07588075880758807 0.24003623188405798 0.08943089430894309 0.07789855072463768
0 0.7567750677506775 0.2318840579710145 0.1043360433604336 0.09420289855072464
0 0.8340108401084011 0.06340579710144928 0.0975609756097561 0.11413043478260869
0 0.5338753387533876 0.04619565217391304 0.14905149051490515 0.09239130434782608
0 0.08807588075880758 0.45742753623188404 0.17615176151761516 0.23369565217391305
0 0.17208672086720866 0.5190217391304348 0.1070460704607046 0.14130434782608695
0 0.21747967479674796 0.7744565217391305 0.14769647696476965 0.25181159420289856
0 0.38414634146341464 0.8786231884057971 0.1070460704607046 0.19202898550724637
0 0.0521680216802168 0.957427536231884 0.1043360433604336 0.08514492753623189
0 0.5880758807588076 0.5036231884057971 0.11246612466124661 0.14673913043478262
0 0.7642276422764228 0.5552536231884058 0.12330623306233063 0.1539855072463768
0 0.8319783197831978 0.9193840579710145 0.16802168021680217 0.161231884057971
0 0.5562330623306233 0.9157608695652174 0.0948509485094851 0.125
0 0.5697831978319783 0.32155797101449274 0.13143631436314362 0.08514492753623189