0 0.4883367139959432 0.4135135135135135 0.02332657200811359 0.05945945945945946
0 0.385395537525355 0.4905405405405405 0.10953346855983773 0.13783783783783785
0 0.3524340770791075 0.2608108108108108 0.1206896551724138 0.16216216216216217
0 0.14807302231237324 0.43108108108108106 0.1105476673427992 0.15405405405405406
0 0.050202839756592295 0.3810810810810811 0.10040567951318459 0.28378378378378377
0 0.9726166328600405 0.34594594594594597 0.05476673427991886 0.11351351351351352
0 0.7033468559837728 0.046621621621621624 0.11663286004056796 0.09324324324324325
0 0.8052738336713996 0.4864864864864865 0.10040567951318459 0.13648648648648648
0 0.5400608519269777 0.5277027027027027 0.08012170385395538 0.06351351351351352
0 0.6171399594320487 0.30743243243243246 0.15517241379310345 0.20405405405405405
0 0.5202839756592292 0.29324324324324325 0.04056795131845842 0.11891891891891893
0 0.4827586206896552 0.7898648648648648 0.034482758620689655 0.060810810810810814
0 0.3422920892494929 0.6310810810810811 0.11257606490872211 0.14324324324324325
0 0.047160243407707914 0.7513513513513513 0.09432048681541583 0.26756756756756755
0 0.15365111561866127 0.7972972972972973 0.11156186612576065 0.15405405405405406
0 0.37981744421906694 0.8662162162162163 0.09837728194726167 0.13108108108108107
0 0.9787018255578094 0.6878378378378378 0.04259634888438134 0.14864864864864866
0 0.6947261663286004 0.8195945945945946 0.17545638945233266 0.2554054054054054
0 0.6014198782961461 0.8067567567567567 0.13488843813387424 0.1837837837837838
0 0.5243407707910751 0.9675675675675676 0.0486815415821501 0.06486486486486487
0 0.834685598377282 0.8695945945945946 0.10547667342799188 0.1472972972972973