0 0.26476793248945146 0.06460674157303371 0.10548523206751055 0.12921348314606743
0 0.05379746835443038 0.26685393258426965 0.10759493670886076 0.12640449438202248
0 0.1439873417721519 0.19803370786516855 0.10970464135021098 0.12780898876404495
0 0.9741561181434599 0.24929775280898878 0.05168776371308017 0.2205056179775281
0 0.5469409282700421 0.0175561797752809 0.09177215189873418 0.0351123595505618
0 0.6434599156118144 0.06390449438202248 0.12869198312236288 0.12780898876404495
0 0.42352320675105487 0.5617977528089888 0.05168776371308017 0.10955056179775281
0 0.09757383966244726 0.4234550561797753 0.0938818565400844 0.12780898876404495
0 0.21888185654008438 0.5617977528089888 0.10021097046413502 0.125
0 0.11972573839662447 0.8532303370786517 0.14451476793248946 0.199438202247191
0 0.030063291139240507 0.9473314606741573 0.060126582278481014 0.10533707865168539
0 0.9820675105485233 0.4023876404494382 0.035864978902953586 0.08567415730337079
0 0.9514767932489452 0.47191011235955055 0.0970464135021097 0.13202247191011235
0 0.4620253164556962 0.47191011235955055 0.02531645569620253 0.16573033707865167
0 0.5279535864978903 0.449438202247191 0.12552742616033755 0.1797752808988764
0 0.6482067510548524 0.5709269662921348 0.10864978902953587 0.1544943820224719
0 0.6371308016877637 0.7794943820224719 0.1360759493670886 0.1896067415730337