0 0.4785553047404063 0.1844879518072289 0.08126410835214447 0.11295180722891567
0 0.28555304740406323 0.22816265060240964 0.0981941309255079 0.13403614457831325
0 0.2516930022573363 0.42168674698795183 0.1309255079006772 0.0963855421686747
0 0.07900677200902935 0.4495481927710843 0.08126410835214447 0.04066265060240964
0 0.8797968397291196 0.050451807228915665 0.07787810383747178 0.10090361445783133
0 0.6585778781038375 0.3441265060240964 0.08577878103837472 0.125
0 0.04345372460496614 0.6212349397590361 0.06997742663656885 0.1144578313253012
0 0.4802483069977427 0.5715361445783133 0.07787810383747178 0.1280120481927711
0 0.16534988713318285 0.9533132530120482 0.08465011286681716 0.09337349397590361
0 0.41817155756207675 0.9292168674698795 0.1275395033860045 0.14156626506024098
0 0.5316027088036117 0.5158132530120482 0.024830699774266364 0.0677710843373494
0 0.5840857787810384 0.5609939759036144 0.07223476297968397 0.13855421686746988
0 0.6834085778781038 0.6385542168674698 0.07787810383747178 0.125
0 0.8498871331828443 0.7364457831325302 0.1455981941309255 0.21536144578313254
0 0.9435665914221218 0.7221385542168675 0.11286681715575621 0.13704819277108435
0 0.8007900677200903 0.9171686746987951 0.11851015801354402 0.11596385542168675