0 0.18541202672605792 0.2552083333333333 0.11692650334075724 0.13839285714285715
0 0.3518930957683742 0.17038690476190477 0.0957683741648107 0.1324404761904762
0 0.3830734966592428 0.018601190476190476 0.133630289532294 0.03720238095238095
0 0.7572383073496659 0.3087797619047619 0.15812917594654788 0.16220238095238096
0 0.678173719376392 0.30357142857142855 0.11804008908685969 0.17261904761904762
0 0.7060133630289532 0.05505952380952381 0.0645879732739421 0.10267857142857142
0 0.5996659242761693 0.6480654761904762 0.03897550111358575 0.1130952380952381
0 0.5334075723830735 0.5944940476190477 0.04899777282850779 0.06845238095238096
0 0.4732739420935412 0.5483630952380952 0.0757238307349666 0.13988095238095238
0 0.3680400890868597 0.484375 0.08129175946547884 0.12797619047619047
0 0.19265033407572382 0.44419642857142855 0.14253897550111358 0.10863095238095238
0 0.10412026726057906 0.43973214285714285 0.11024498886414254 0.09970238095238096
0 0.8997772828507795 0.5520833333333334 0.09688195991091314 0.10863095238095238