0 0.1875 0.5378787878787878 0.05454545454545454 0.024242424242424242
0 0.23352272727272727 0.49772727272727274 0.056818181818181816 0.07878787878787878
0 0.28125 0.42424242424242425 0.09204545454545454 0.15303030303030302
0 0.3534090909090909 0.3037878787878788 0.09545454545454546 0.14242424242424243
0 0.4772727272727273 0.1318181818181818 0.16363636363636364 0.24848484848484848
0 0.5346590909090909 0.09924242424242424 0.048863636363636366 0.16515151515151516
0 0.3886363636363636 0.029545454545454545 0.1318181818181818 0.05909090909090909
0 0.9369318181818181 0.48863636363636365 0.11931818181818182 0.12272727272727273
0 0.6096590909090909 0.08409090909090909 0.10113636363636364 0.16818181818181818
0 0.4329545454545455 0.8575757575757575 0.09318181818181819 0.13484848484848486
0 0.4659090909090909 0.7454545454545455 0.05227272727272727 0.12424242424242424
0 0.4244318181818182 0.6606060606060606 0.1125 0.22121212121212122
0 0.06704545454545455 0.9242424242424242 0.09772727272727273 0.12424242424242424
0 0.03977272727272727 0.5886363636363636 0.07954545454545454 0.07727272727272727
0 0.25625 0.6007575757575757 0.15795454545454546 0.10151515151515152
0 0.6278409090909091 0.7803030303030303 0.1375 0.20909090909090908