0 0.23152173913043478 0.11014492753623188 0.1282608695652174 0.22028985507246376
0 0.3125 0.03695652173913044 0.12934782608695652 0.07391304347826087
0 0.10108695652173913 0.21159420289855072 0.0891304347826087 0.1536231884057971
0 0.5603260869565218 0.07753623188405798 0.01847826086956522 0.10579710144927536
0 0.9201086956521739 0.37318840579710144 0.10760869565217392 0.13623188405797101
0 0.5853260869565218 0.16956521739130434 0.03152173913043478 0.12753623188405797
0 0.7967391304347826 0.08550724637681159 0.14347826086956522 0.17101449275362318
0 0.035869565217391305 0.9775362318840579 0.07173913043478261 0.04492753623188406
0 0.07119565217391305 0.4811594202898551 0.14021739130434782 0.06376811594202898
0 0.14945652173913043 0.6202898550724638 0.1108695652173913 0.13623188405797101
0 0.3108695652173913 0.6391304347826087 0.1358695652173913 0.16956521739130434
0 0.7048913043478261 0.7057971014492753 0.10978260869565218 0.15217391304347827
0 0.6255434782608695 0.5173913043478261 0.11195652173913044 0.13623188405797101