0 0.2430025445292621 0.4098639455782313 0.0916030534351145 0.17346938775510204
0 0.07760814249363868 0.27125850340136054 0.15521628498727735 0.28061224489795916
0 0.020356234096692113 0.22874149659863946 0.04071246819338423 0.18537414965986396
0 0.10814249363867684 0.03316326530612245 0.1297709923664122 0.0663265306122449
0 0.8924936386768448 0.397108843537415 0.027989821882951654 0.09863945578231292
0 0.8994910941475827 0.18452380952380953 0.04834605597964377 0.12244897959183673
0 0.6437659033078881 0.10884353741496598 0.08142493638676845 0.13095238095238096
0 0.6195928753180662 0.2780612244897959 0.13486005089058525 0.17517006802721088
0 0.3594147582697201 0.017857142857142856 0.13358778625954199 0.03571428571428571
0 0.017811704834605598 0.9302721088435374 0.035623409669211195 0.13945578231292516
0 0.6590330788804071 0.8809523809523809 0.10814249363867684 0.11394557823129252
0 0.7970737913486005 0.7125850340136054 0.15776081424936386 0.16156462585034015
0 0.5057251908396947 0.6564625850340136 0.14885496183206107 0.19387755102040816