0 0.3866822429906542 0.2235202492211838 0.1530373831775701 0.32087227414330216
0 0.2803738317757009 0.19314641744548286 0.14018691588785046 0.1822429906542056
0 0.5554906542056075 0.27102803738317754 0.09929906542056074 0.17133956386292834
0 0.0455607476635514 0.43769470404984423 0.07009345794392523 0.102803738317757
0 0.054322429906542055 0.5342679127725857 0.07126168224299065 0.19003115264797507
0 0.9550233644859814 0.4984423676012461 0.08995327102803738 0.14953271028037382
0 0.6886682242990654 0.14875389408099687 0.11799065420560748 0.29750778816199375
0 0.8452102803738317 0.17834890965732086 0.08995327102803738 0.16199376947040497
0 0.2605140186915888 0.7266355140186916 0.1425233644859813 0.19470404984423675
0 0.9310747663551402 0.8855140186915887 0.1378504672897196 0.22897196261682243
0 0.7441588785046729 0.8115264797507789 0.10747663551401869 0.14018691588785046