0 0.18697033898305085 0.18008474576271186 0.12182203389830508 0.13559322033898305
0 0.19915254237288135 0.0346045197740113 0.1885593220338983 0.0692090395480226
0 0.1620762711864407 0.3128531073446328 0.11122881355932203 0.13135593220338984
0 0.9745762711864406 0.3693502824858757 0.05084745762711865 0.08050847457627118
0 0.9788135593220338 0.1094632768361582 0.0423728813559322 0.15677966101694915
0 0.9364406779661016 0.21045197740112995 0.1271186440677966 0.19491525423728814
0 0.7960805084745762 0.22387005649717515 0.11122881355932203 0.15677966101694915
0 0.6848516949152542 0.08757062146892655 0.13877118644067796 0.1751412429378531
0 0.03866525423728814 0.6059322033898306 0.07733050847457627 0.2853107344632768
0 0.2960805084745763 0.4625706214689266 0.1048728813559322 0.1059322033898305
0 0.7351694915254238 0.818502824858757 0.11652542372881355 0.1553672316384181
0 0.8914194915254238 0.7959039548022598 0.125 0.17796610169491525
0 0.9390889830508474 0.6348870056497176 0.10805084745762712 0.153954802259887
0 0.4025423728813559 0.905367231638418 0.06567796610169492 0.18926553672316385
0 0.4067796610169492 0.5056497175141242 0.07415254237288135 0.1384180790960452