0 0.4263771186440678 0.0480225988700565 0.11758474576271187 0.096045197740113
0 0.5021186440677966 0.2521186440677966 0.15148305084745764 0.2923728813559322
0 0.6689618644067796 0.2775423728813559 0.10063559322033898 0.1963276836158192
0 0.18485169491525424 0.05861581920903955 0.10063559322033898 0.1172316384180791
0 0.9925847457627118 0.1899717514124294 0.014830508474576272 0.10310734463276836
0 0.760593220338983 0.2175141242937853 0.0826271186440678 0.1271186440677966
0 0.3940677966101695 0.6334745762711864 0.07203389830508475 0.1172316384180791
0 0.22139830508474576 0.682909604519774 0.0847457627118644 0.096045197740113
0 0.1684322033898305 0.9675141242937854 0.10805084745762712 0.06497175141242938
0 0.07680084745762712 0.4795197740112994 0.0858050847457627 0.06073446327683616
0 0.06408898305084745 0.606638418079096 0.0836864406779661 0.134180790960452
0 0.7579449152542372 0.5550847457627118 0.07733050847457627 0.1016949152542373
0 0.8834745762711864 0.6419491525423728 0.08686440677966102 0.10451977401129943
0 0.8734110169491526 0.9399717514124294 0.11546610169491525 0.12005649717514125