0 0.054890219560878244 0.5172872340425532 0.10978043912175649 0.04521276595744681
0 0.49051896207584833 0.25930851063829785 0.11976047904191617 0.1595744680851064
0 0.5533932135728543 0.0678191489361702 0.1187624750499002 0.1356382978723404
0 0.6841317365269461 0.06914893617021277 0.09780439121756487 0.13031914893617022
0 0.9590818363273453 0.38563829787234044 0.08183632734530938 0.17553191489361702
0 0.11826347305389222 0.5791223404255319 0.1027944111776447 0.07845744680851063
0 0.2879241516966068 0.7393617021276596 0.14271457085828343 0.19680851063829788
0 0.39870259481037923 0.7878989361702128 0.07884231536926148 0.18218085106382978
0 0.5588822355289421 0.9375 0.11776447105788423 0.125
0 0.658183632734531 0.8324468085106383 0.09580838323353294 0.13164893617021275
0 0.4945109780439122 0.6210106382978723 0.18263473053892215 0.1622340425531915
0 0.8727544910179641 0.942154255319149 0.13273453093812376 0.11569148936170212
0 0.6492015968063872 0.574468085106383 0.11676646706586827 0.06914893617021277
0 0.7275449101796407 0.629654255319149 0.11377245508982035 0.15159574468085107
0 0.9835329341317365 0.7327127659574468 0.03293413173652695 0.047872340425531915
0 0.9620758483033932 0.7686170212765957 0.07584830339321358 0.13031914893617022