0 0.44870410367170627 0.11167146974063401 0.08099352051835854 0.20317002881844382
0 0.33153347732181426 0.07853025936599424 0.13390928725701945 0.15706051873198848
0 0.21058315334773217 0.20389048991354466 0.1490280777537797 0.20317002881844382
0 0.5869330453563715 0.045389048991354465 0.0939524838012959 0.09077809798270893
0 0.5361771058315334 0.09798270893371758 0.0939524838012959 0.19596541786743515
0 0.7111231101511879 0.3177233429394813 0.1263498920086393 0.16714697406340057
0 0.8833693304535637 0.37319884726224783 0.12203023758099352 0.16714697406340057
0 0.4292656587473002 0.510806916426513 0.11987041036717062 0.04178674351585014
0 0.39956803455723544 0.770893371757925 0.1285097192224622 0.17723342939481268
0 0.34503239740820735 0.6325648414985591 0.14038876889848811 0.20317002881844382
0 0.19114470842332612 0.5878962536023055 0.11987041036717062 0.16570605187319884
0 0.07397408207343413 0.734149855907781 0.14794816414686826 0.20317002881844382
0 0.9346652267818575 0.5417867435158501 0.1306695464362851 0.1037463976945245
0 0.9546436285097192 0.8984149855907781 0.09071274298056156 0.1829971181556196