0 0.560272536687631 0.037011173184357544 0.01781970649895178 0.03770949720670391
0 0.4491614255765199 0.06005586592178771 0.09748427672955975 0.12011173184357542
0 0.5141509433962265 0.28002793296089384 0.11006289308176101 0.1494413407821229
0 0.2667714884696017 0.28002793296089384 0.11635220125786164 0.12569832402234637
0 0.15880503144654087 0.38966480446927376 0.22117400419287211 0.13966480446927373
0 0.6572327044025157 0.012569832402234637 0.1069182389937107 0.025139664804469275
0 0.5938155136268344 0.06005586592178771 0.049266247379454925 0.12011173184357542
0 0.5534591194968553 0.7479050279329609 0.031446540880503145 0.18016759776536312
0 0.4460167714884696 0.5363128491620112 0.08071278825995808 0.10335195530726257
0 0.07861635220125786 0.8477653631284916 0.13836477987421383 0.18435754189944134
0 0.12316561844863731 0.5523743016759777 0.11215932914046121 0.13687150837988826
0 0.910901467505241 0.9581005586592178 0.17819706498951782 0.08379888268156424
0 0.6939203354297694 0.9608938547486033 0.0859538784067086 0.0782122905027933
0 0.8846960167714885 0.5111731843575419 0.08176100628930817 0.10335195530726257
0 0.9208595387840671 0.4958100558659218 0.08490566037735849 0.07262569832402235
0 0.9863731656184487 0.8554469273743017 0.027253668763102725 0.11871508379888268
0 0.660901467505241 0.5279329608938548 0.13731656184486374 0.13687150837988826
0 0.6205450733752621 0.8135474860335196 0.10272536687631027 0.17737430167597765