0 0.017487046632124352 0.06228373702422145 0.034974093264248704 0.1245674740484429
0 0.28303108808290156 0.07179930795847751 0.13082901554404144 0.14359861591695502
0 0.4365284974093264 0.09688581314878893 0.12694300518134716 0.19377162629757785
0 0.13924870466321243 0.5112456747404844 0.14637305699481865 0.1972318339100346
0 0.36658031088082904 0.6756055363321799 0.18652849740932642 0.10553633217993079
0 0.38795336787564766 0.6271626297577855 0.12694300518134716 0.17128027681660898
0 0.4740932642487047 0.5086505190311419 0.05181347150259067 0.23183391003460208
0 0.16968911917098445 0.04671280276816609 0.09844559585492228 0.09342560553633218
0 0.655440414507772 0.24048442906574394 0.18264248704663213 0.22145328719723184
0 0.9268134715025906 0.09169550173010381 0.14637305699481865 0.18339100346020762
0 0.9876943005181347 0.27162629757785467 0.02461139896373057 0.1695501730103806
0 0.7830310880829016 0.5380622837370242 0.2422279792746114 0.28027681660899656
0 0.8205958549222798 0.6652249134948097 0.19300518134715025 0.12629757785467127
0 0.9494818652849741 0.6427335640138409 0.10103626943005181 0.17128027681660898
0 0.4060880829015544 0.8641868512110726 0.1878238341968912 0.27162629757785467
0 0.47668393782383417 0.8641868512110726 0.046632124352331605 0.26124567474048443
0 0.23963730569948186 0.893598615916955 0.12953367875647667 0.19377162629757785
0 0.5356217616580311 0.8269896193771626 0.07124352331606218 0.1972318339100346
0 0.9022020725388601 0.8538062283737025 0.12046632124352331 0.1695501730103806