0 0.3269689737470167 0.25079617834394907 0.10501193317422435 0.1321656050955414
0 0.2678997613365155 0.12579617834394904 0.17064439140811455 0.25
0 0.1652744630071599 0.041401273885350316 0.2637231503579952 0.08280254777070063
0 0.09964200477326969 0.42436305732484075 0.13484486873508353 0.10987261146496816
0 0.9421241050119332 0.26831210191082805 0.09665871121718377 0.14968152866242038
0 0.7380668257756563 0.25 0.13126491646778043 0.17197452229299362
0 0.5996420047732697 0.09394904458598727 0.28758949880668255 0.18789808917197454
0 0.6157517899761337 0.4570063694267516 0.14081145584725538 0.044585987261146494
0 0.17064439140811455 0.7810509554140127 0.1515513126491647 0.19585987261146498
0 0.0256563245823389 0.9068471337579618 0.0513126491646778 0.08121019108280254
0 0.9206443914081146 0.768312101910828 0.15274463007159905 0.2229299363057325
0 0.8389021479713604 0.7014331210191083 0.12291169451073986 0.18630573248407642
0 0.6754176610978521 0.9434713375796179 0.09785202863961814 0.11305732484076433