0 0.05375647668393782 0.02422145328719723 0.10751295336787564 0.04844290657439446
0 0.18458549222797926 0.35726643598615915 0.1567357512953368 0.20588235294117646
0 0.37759067357512954 0.43166089965397925 0.16321243523316062 0.22664359861591696
0 0.40414507772020725 0.5692041522491349 0.13471502590673576 0.04152249134948097
0 0.6897668393782384 0.03027681660899654 0.13082901554404144 0.06055363321799308
0 0.6755181347150259 0.2560553633217993 0.23056994818652848 0.29930795847750863
0 0.6126943005181347 0.3788927335640138 0.15932642487046633 0.21972318339100347
0 0.9585492227979274 0.291522491349481 0.08290155440414508 0.25432525951557095
0 0.8387305699481865 0.2880622837370242 0.14507772020725387 0.21107266435986158
0 0.4494818652849741 0.7673010380622838 0.05958549222797927 0.16782006920415224
0 0.28950777202072536 0.7119377162629758 0.12823834196891193 0.16608996539792387
0 0.15414507772020725 0.9636678200692042 0.17616580310880828 0.0726643598615917
0 0.49676165803108807 0.639273356401384 0.034974093264248704 0.0986159169550173
0 0.9708549222797928 0.7915224913494809 0.05829015544041451 0.14359861591695502
0 0.9676165803108808 0.726643598615917 0.06476683937823834 0.1314878892733564
0 0.6379533678756477 0.8832179930795848 0.15414507772020725 0.185121107266436