0 0.3742393509127789 0.012837837837837839 0.1075050709939148 0.025675675675675677
0 0.36359026369168357 0.2864864864864865 0.11561866125760649 0.13513513513513514
0 0.3686612576064909 0.475 0.1896551724137931 0.18783783783783783
0 0.39705882352941174 0.5418918918918919 0.1389452332657201 0.05405405405405406
0 0.09279918864097363 0.12972972972972974 0.11460446247464504 0.1527027027027027
0 0.035496957403651115 0.3864864864864865 0.07099391480730223 0.13243243243243244
0 0.08772819472616633 0.5108108108108108 0.13488843813387424 0.11621621621621622
0 0.22515212981744423 0.5378378378378378 0.09939148073022312 0.062162162162162166
0 0.3788032454361055 0.16824324324324325 0.08417849898580122 0.10270270270270271
0 0.019269776876267748 0.5412162162162162 0.038539553752535496 0.05540540540540541
0 0.7591277890466531 0.13783783783783785 0.11156186612576065 0.15675675675675677
0 0.6495943204868154 0.24594594594594596 0.09939148073022312 0.12162162162162163
0 0.5289046653144016 0.052702702702702706 0.09837728194726167 0.10540540540540541
0 0.7114604462474645 0.5195945945945946 0.12677484787018256 0.09864864864864865
0 0.5096348884381339 0.29864864864864865 0.059837728194726165 0.14864864864864866
0 0.36511156186612576 0.6006756756756757 0.11561866125760649 0.06351351351351352
0 0.3711967545638945 0.7722972972972973 0.1896551724137931 0.22432432432432434
0 0.3995943204868154 0.8885135135135135 0.1389452332657201 0.1891891891891892
0 0.036511156186612576 0.6648648648648648 0.07302231237322515 0.13243243243243244
0 0.09026369168356999 0.8317567567567568 0.13488843813387424 0.20135135135135135
0 0.22718052738336714 0.8621621621621621 0.09939148073022312 0.1527027027027027
0 0.02028397565922921 0.8533783783783784 0.04056795131845842 0.12297297297297298
0 0.9781947261663286 0.6425675675675676 0.0436105476673428 0.10675675675675676
0 0.7931034482758621 0.9432432432432433 0.11359026369168357 0.11351351351351352
0 0.7099391480730223 0.6682432432432432 0.1926977687626775 0.19864864864864865
0 0.6176470588235294 0.7628378378378379 0.09432048681541583 0.12972972972972974
0 0.6658215010141988 0.9432432432432433 0.08620689655172414 0.11351351351351352