0 0.224937343358396 0.28678929765886285 0.13157894736842105 0.16555183946488294
0 0.39724310776942356 0.3085284280936455 0.20551378446115287 0.12207357859531773
0 0.4642857142857143 0.21321070234113712 0.07142857142857142 0.1956521739130435
0 0.10651629072681704 0.23662207357859533 0.13533834586466165 0.17224080267558528
0 0.531328320802005 0.16638795986622074 0.06265664160401002 0.17224080267558528
0 0.7080200501253133 0.04096989966555184 0.15789473684210525 0.08193979933110368
0 0.02944862155388471 0.5359531772575251 0.05889724310776942 0.17558528428093645
0 0.03634085213032581 0.7265886287625418 0.07268170426065163 0.30267558528428096
0 0.31954887218045114 0.49498327759197325 0.14786967418546365 0.19732441471571907
0 0.05451127819548872 0.8946488294314381 0.10902255639097744 0.21070234113712374
0 0.6165413533834586 0.6889632107023411 0.10526315789473684 0.14046822742474915
0 0.9555137844611529 0.41638795986622074 0.08897243107769423 0.09364548494983277
0 0.8671679197994987 0.592809364548495 0.12531328320802004 0.16387959866220736
0 0.9793233082706767 0.8779264214046822 0.041353383458646614 0.24414715719063546