0 0.06639566395663957 0.17119565217391305 0.13279132791327913 0.20108695652173914
0 0.22967479674796748 0.09782608695652174 0.18834688346883469 0.1956521739130435
0 0.31639566395663954 0.25905797101449274 0.025745257452574527 0.17391304347826086
0 0.6273712737127372 0.28532608695652173 0.25203252032520324 0.32065217391304346
0 0.6070460704607046 0.12047101449275362 0.1842818428184282 0.24094202898550723
0 0.6869918699186992 0.5181159420289855 0.14634146341463414 0.16304347826086957
0 0.29200542005420055 0.957427536231884 0.07452574525745258 0.08514492753623189
0 0.21205962059620595 0.7681159420289855 0.13414634146341464 0.1793478260869565
0 0.06842818428184282 0.7726449275362319 0.13685636856368563 0.21557971014492755
0 0.5372628726287263 0.8351449275362319 0.2804878048780488 0.32971014492753625
0 0.489159891598916 0.7146739130434783 0.1951219512195122 0.23007246376811594
0 0.9844173441734417 0.8016304347826086 0.03116531165311653 0.1539855072463768
0 0.8929539295392954 0.6739130434782609 0.1978319783197832 0.14855072463768115
0 0.7012195121951219 0.6603260869565217 0.14769647696476965 0.1213768115942029