0 0.5457110609480813 0.4141566265060241 0.08803611738148984 0.13403614457831325
0 0.4785553047404063 0.6197289156626506 0.08803611738148984 0.09789156626506024
0 0.2799097065462754 0.32379518072289154 0.10270880361173815 0.17018072289156627
0 0.1010158013544018 0.2891566265060241 0.17720090293453725 0.2620481927710843
0 0.03781038374717833 0.32906626506024095 0.07562076749435666 0.17921686746987953
0 0.08690744920993228 0.08358433734939759 0.1275395033860045 0.1430722891566265
0 0.3843115124153499 0.3682228915662651 0.10045146726862303 0.15512048192771086
0 0.8549661399548533 0.6528614457831325 0.08013544018058691 0.03162650602409638
0 0.7144469525959368 0.24623493975903615 0.11060948081264109 0.2575301204819277
0 0.781038374717833 0.29819277108433734 0.17155756207674944 0.3539156626506024
0 0.9469525959367946 0.2748493975903614 0.09706546275395034 0.15963855421686746
0 0.494920993227991 0.8343373493975904 0.11399548532731377 0.16716867469879518
0 0.2878103837471783 0.954066265060241 0.0744920993227991 0.09186746987951808
0 0.863431151241535 0.8923192771084337 0.13318284424379231 0.17771084337349397