0 0.28058510638297873 0.09485815602836879 0.05851063829787234 0.18971631205673758
0 0.24335106382978725 0.25443262411347517 0.13297872340425532 0.17907801418439717
0 0.061835106382978726 0.5487588652482269 0.12367021276595745 0.10106382978723404
0 0.22672872340425532 0.48936170212765956 0.16622340425531915 0.21631205673758866
0 0.26728723404255317 0.5709219858156028 0.0851063829787234 0.05673758865248227
0 0.33444148936170215 0.08333333333333333 0.04920212765957447 0.16666666666666666
0 0.7819148936170213 0.23847517730496454 0.15691489361702127 0.1950354609929078
0 0.5884308510638298 0.38386524822695034 0.13297872340425532 0.18085106382978725
0 0.6037234042553191 0.5656028368794326 0.18085106382978725 0.0673758865248227
0 0.022606382978723406 0.6968085106382979 0.04521276595744681 0.16666666666666666
0 0.26063829787234044 0.6622340425531915 0.09840425531914894 0.12588652482269502
0 0.036569148936170214 0.9441489361702128 0.07313829787234043 0.11170212765957446
0 0.2958776595744681 0.9326241134751773 0.027925531914893616 0.1099290780141844
0 0.5086436170212766 0.8164893617021277 0.12898936170212766 0.15602836879432624
0 0.9295212765957447 0.9388297872340425 0.14095744680851063 0.12234042553191489