0 0.11926147704590818 0.06715425531914894 0.14870259481037923 0.13430851063829788
0 0.19461077844311378 0.07446808510638298 0.12974051896207583 0.14893617021276595
0 0.0843313373253493 0.22606382978723405 0.10878243512974052 0.11170212765957446
0 0.8218562874251497 0.0678191489361702 0.12674650698602793 0.1356382978723404
0 0.5863273453093812 0.04853723404255319 0.07285429141716566 0.09707446808510638
0 0.9670658682634731 0.2599734042553192 0.0658682634730539 0.0598404255319149
0 0.5958083832335329 0.2679521276595745 0.08982035928143713 0.043882978723404256
0 0.688622754491018 0.2666223404255319 0.10379241516966067 0.04654255319148936
0 0.3602794411177645 0.5804521276595744 0.12674650698602793 0.19547872340425532
0 0.10728542914171657 0.567154255319149 0.10678642714570859 0.14627659574468085
0 0.5109780439121756 0.8344414893617021 0.07784431137724551 0.12367021276595745
0 0.13373253493013973 0.8543882978723404 0.08982035928143713 0.13031914893617022
0 0.22654690618762474 0.8570478723404256 0.10379241516966067 0.14095744680851063
0 0.5923153692614771 0.5777925531914894 0.08483033932135728 0.14760638297872342
0 0.7784431137724551 0.6941489361702128 0.10778443113772455 0.13164893617021275
0 0.7614770459081837 0.870345744680851 0.07984031936127745 0.12234042553191489
0 0.5778443113772455 0.8337765957446809 0.05588822355289421 0.18085106382978725
0 0.9550898203592815 0.9753989361702128 0.08982035928143713 0.04920212765957447