0 0.03093812375249501 0.07047872340425532 0.06187624750499002 0.14095744680851063
0 0.7135728542914171 0.30518617021276595 0.08582834331337326 0.11569148936170212
0 0.6037924151696606 0.17752659574468085 0.17065868263473055 0.23404255319148937
0 0.5064870259481038 0.03789893617021277 0.10079840319361277 0.07579787234042554
0 0.37375249500998003 0.10638297872340426 0.08882235528942116 0.13031914893617022
0 0.37624750499001997 0.25930851063829785 0.09381237524950099 0.15691489361702127
0 0.25798403193612773 0.7918882978723404 0.14271457085828343 0.24867021276595744
0 0.20109780439121758 0.8563829787234043 0.14471057884231536 0.1901595744680851
0 0.19860279441117765 0.4946808510638298 0.1497005988023952 0.11170212765957446
0 0.20159680638722555 0.6289893617021277 0.11676646706586827 0.14893617021276595
0 0.010978043912175649 0.5718085106382979 0.021956087824351298 0.10638297872340426
0 0.9106786427145709 0.6602393617021277 0.15568862275449102 0.24468085106382978
0 0.908183632734531 0.879654255319149 0.13872255489021956 0.1901595744680851
0 0.8507984031936128 0.9381648936170213 0.11277445109780439 0.12367021276595745
0 0.6821357285429142 0.7872340425531915 0.08882235528942116 0.12234042553191489
0 0.6482035928143712 0.4621010638297872 0.17465069860279442 0.04654255319148936
0 0.4316367265469062 0.4714095744680851 0.0968063872255489 0.06515957446808511
0 0.4630738522954092 0.6123670212765957 0.1027944111776447 0.13962765957446807
0 0.34530938123752497 0.7998670212765957 0.031936127744510975 0.19547872340425532