0 0.37604166666666666 0.08333333333333333 0.13125 0.16666666666666666
0 0.23072916666666668 0.024305555555555556 0.115625 0.04861111111111111
0 0.10364583333333334 0.08194444444444444 0.146875 0.1638888888888889
0 0.103125 0.18819444444444444 0.075 0.09444444444444444
0 0.975 0.2916666666666667 0.05 0.09444444444444444
0 0.9713541666666666 0.14375 0.057291666666666664 0.1125
0 0.8255208333333334 0.1076388888888889 0.090625 0.12083333333333333
0 0.7447916666666666 0.24791666666666667 0.18125 0.18194444444444444
0 0.10364583333333334 0.49375 0.14375 0.19027777777777777
0 0.525 0.975 0.08958333333333333 0.05
0 0.2671875 0.7263888888888889 0.10625 0.14027777777777778
0 0.1859375 0.9305555555555556 0.103125 0.1388888888888889
0 0.03697916666666667 0.7166666666666667 0.07395833333333333 0.25
0 0.052083333333333336 0.9798611111111111 0.10416666666666667 0.04027777777777778
0 0.9598958333333333 0.3701388888888889 0.08020833333333334 0.0625
0 0.9416666666666667 0.4736111111111111 0.109375 0.14583333333333334
0 0.8885416666666667 0.8527777777777777 0.115625 0.15416666666666667
0 0.7609375 0.9305555555555556 0.146875 0.1388888888888889
0 0.6390625 0.8201388888888889 0.11145833333333334 0.14583333333333334