0 0.1729368932038835 0.13268608414239483 0.11650485436893204 0.17475728155339806
0 0.23725728155339806 0.35841423948220064 0.1104368932038835 0.0825242718446602
0 0.3938106796116505 0.3559870550161812 0.09101941747572816 0.08737864077669903
0 0.6243932038834952 0.13511326860841424 0.10922330097087378 0.1553398058252427
0 0.9023058252427184 0.18932038834951456 0.14441747572815533 0.20711974110032363
0 0.9587378640776699 0.03478964401294499 0.0825242718446602 0.06957928802588997
0 0.08798543689320389 0.5711974110032363 0.17597087378640777 0.16828478964401294
0 0.09587378640776699 0.4587378640776699 0.16747572815533981 0.11812297734627832
0 0.3149271844660194 0.43527508090614886 0.08616504854368932 0.07119741100323625
0 0.04004854368932039 0.7953074433656958 0.08009708737864078 0.12459546925566344
0 0.4253640776699029 0.5283171521035599 0.027912621359223302 0.2022653721682848
0 0.7141990291262136 0.9037216828478964 0.10679611650485436 0.12297734627831715
0 0.7773058252427184 0.656957928802589 0.18446601941747573 0.22653721682847897
0 0.7566747572815534 0.5210355987055016 0.11893203883495146 0.17637540453074432
0 0.9265776699029126 0.7103559870550162 0.10315533980582524 0.1779935275080906