0 0.046153846153846156 0.48240469208211145 0.09230769230769231 0.07331378299120235
0 0.01978021978021978 0.35117302052785926 0.03956043956043956 0.19794721407624633
0 0.4175824175824176 0.38269794721407624 0.10329670329670329 0.18475073313782991
0 0.6153846153846154 0.05791788856304985 0.13626373626373625 0.1158357771260997
0 0.9247252747252748 0.1158357771260997 0.15054945054945054 0.2316715542521994
0 0.828021978021978 0.19281524926686217 0.12197802197802197 0.1598240469208211
0 0.6203296703296703 0.3057184750733138 0.07692307692307693 0.09824046920821114
0 0.18846153846153846 0.8819648093841642 0.07472527472527472 0.0967741935483871
0 0.29615384615384616 0.966275659824047 0.0956043956043956 0.06744868035190615
0 0.4461538461538462 0.7844574780058651 0.046153846153846156 0.13196480938416422
0 0.39615384615384613 0.6759530791788856 0.14615384615384616 0.19648093841642228
0 0.5357142857142857 0.6041055718475073 0.10989010989010989 0.1495601173020528
0 0.5884615384615385 0.9134897360703812 0.14835164835164835 0.17302052785923755