0 0.05075187969924812 0.43645484949832775 0.10150375939849623 0.046822742474916385
0 0.42794486215538846 0.08277591973244147 0.10526315789473684 0.12876254180602006
0 0.9160401002506265 0.19063545150501673 0.12030075187969924 0.14381270903010032
0 0.706140350877193 0.25501672240802675 0.11528822055137844 0.15384615384615385
0 0.6691729323308271 0.4414715719063545 0.14786967418546365 0.03678929765886288
0 0.4216791979949875 0.6178929765886287 0.10526315789473684 0.13879598662207357
0 0.03007518796992481 0.7073578595317725 0.06015037593984962 0.12040133779264214
0 0.08145363408521303 0.9489966555183946 0.09022556390977443 0.1020066889632107
0 0.3865914786967419 0.9481605351170569 0.15664160401002505 0.10367892976588629
0 0.5150375939849624 0.6178929765886287 0.03007518796992481 0.17224080267558528
0 0.7637844611528822 0.8586956521739131 0.13157894736842105 0.1588628762541806