0 0.549901185770751 0.06118421052631579 0.038537549407114624 0.12236842105263158
0 0.3512845849802372 0.4355263157894737 0.11561264822134387 0.10789473684210527
0 0.5138339920948617 0.41842105263157897 0.09782608695652174 0.13289473684210526
0 0.9105731225296443 0.41776315789473684 0.14723320158102768 0.14342105263157895
0 0.8359683794466403 0.44342105263157894 0.09881422924901186 0.09210526315789473
0 0.6027667984189723 0.12434210526315789 0.06719367588932806 0.15657894736842104
0 0.22974308300395258 0.6427631578947368 0.12944664031620554 0.19605263157894737
0 0.4797430830039526 0.6125 0.10968379446640317 0.14868421052631578
0 0.08201581027667984 0.9052631578947369 0.0958498023715415 0.12631578947368421
0 0.4644268774703557 0.8973684210526316 0.09189723320158102 0.13157894736842105
0 0.3730237154150198 0.906578947368421 0.10573122529644269 0.14342105263157895
0 0.966897233201581 0.5901315789473685 0.06620553359683795 0.2013157894736842
0 0.8695652173913043 0.5723684210526315 0.1956521739130435 0.16578947368421051
0 0.6778656126482213 0.8355263157894737 0.10474308300395258 0.1394736842105263