0 0.06628787878787878 0.43686868686868685 0.11742424242424243 0.14309764309764308
0 0.13320707070707072 0.3265993265993266 0.10858585858585859 0.13973063973063973
0 0.14962121212121213 0.23316498316498316 0.11742424242424243 0.17676767676767677
0 0.2222222222222222 0.06986531986531987 0.09722222222222222 0.13131313131313133
0 0.26641414141414144 0.4739057239057239 0.10606060606060606 0.06902356902356903
0 0.8080808080808081 0.46380471380471383 0.1691919191919192 0.08922558922558922
0 0.9829545454545454 0.3021885521885522 0.03409090909090909 0.18686868686868688
0 0.961489898989899 0.09090909090909091 0.07702020202020202 0.16498316498316498
0 0.7367424242424242 0.2196969696969697 0.1351010101010101 0.25084175084175087
0 0.1571969696969697 0.968013468013468 0.125 0.06397306397306397
0 0.03977272727272727 0.8375420875420876 0.07954545454545454 0.14646464646464646
0 0.04734848484848485 0.7382154882154882 0.0946969696969697 0.1531986531986532
0 0.7866161616161617 0.8484848484848485 0.1275252525252525 0.1919191919191919
0 0.8952020202020202 0.648989898989899 0.20959595959595959 0.28114478114478114
0 0.9501262626262627 0.5867003367003367 0.09974747474747475 0.15656565656565657
0 0.7386363636363636 0.9562289562289562 0.12121212121212122 0.08754208754208755