0 0.10755148741418764 0.3620426829268293 0.12356979405034325 0.1676829268292683
0 0.11556064073226545 0.10213414634146341 0.11784897025171624 0.15548780487804878
0 0.2717391304347826 0.0586890243902439 0.09954233409610984 0.1173780487804878
0 0.37757437070938216 0.29115853658536583 0.057208237986270026 0.15548780487804878
0 0.4856979405034325 0.2583841463414634 0.08237986270022883 0.11128048780487805
0 0.6882151029748284 0.20807926829268292 0.17505720823798626 0.24542682926829268
0 0.7620137299771167 0.2705792682926829 0.09954233409610984 0.1326219512195122
0 0.618421052631579 0.051829268292682924 0.13386727688787187 0.10365853658536585
0 0.05091533180778032 0.9397865853658537 0.10183066361556065 0.12042682926829268
0 0.28489702517162474 0.698170731707317 0.12242562929061784 0.16310975609756098
0 0.28718535469107553 0.5091463414634146 0.12356979405034325 0.10060975609756098
0 0.36155606407322655 0.7515243902439024 0.02517162471395881 0.11280487804878049
0 0.5743707093821511 0.819359756097561 0.08810068649885583 0.13109756097560976
0 0.545766590389016 0.9390243902439024 0.13958810068649885 0.12195121951219512
0 0.8501144164759725 0.8376524390243902 0.13615560640732266 0.17073170731707318
0 0.4919908466819222 0.5083841463414634 0.10755148741418764 0.09908536585365854
0 0.5915331807780321 0.5503048780487805 0.10869565217391304 0.1524390243902439
0 0.9221967963386728 0.5861280487804879 0.10755148741418764 0.11585365853658537
0 0.9811212814645309 0.6745426829268293 0.03775743707093822 0.12347560975609756