0 0.45841784989858014 0.2168918918918919 0.1511156186612576 0.28243243243243243
0 0.39503042596348886 0.12702702702702703 0.1308316430020284 0.17162162162162162
0 0.565922920892495 0.3614864864864865 0.10040567951318459 0.15675675675675677
0 0.14503042596348883 0.15608108108108107 0.04969574036511156 0.08783783783783784
0 0.1075050709939148 0.2472972972972973 0.06389452332657201 0.19324324324324324
0 0.7464503042596349 0.5216216216216216 0.13793103448275862 0.03513513513513514
0 0.8397565922920892 0.20810810810810812 0.08620689655172414 0.12432432432432433
0 0.8209939148073022 0.10878378378378378 0.04158215010141988 0.10540540540540541
0 0.8625760649087221 0.06554054054054054 0.10243407707910751 0.13108108108108107
0 0.5289046653144016 0.8040540540540541 0.07505070993914807 0.1
0 0.5644016227180527 0.6412162162162162 0.08620689655172414 0.11891891891891893
0 0.36257606490872213 0.552027027027027 0.08012170385395538 0.025675675675675677
0 0.3184584178498986 0.629054054054054 0.1257606490872211 0.16486486486486487
0 0.9421906693711968 0.6844594594594594 0.08012170385395538 0.11756756756756757
0 0.8975659229208925 0.8074324324324325 0.1257606490872211 0.16486486486486487