0 0.0715725806451613 0.49731182795698925 0.1431451612903226 0.22311827956989247
0 0.10433467741935484 0.5692204301075269 0.1381048387096774 0.14112903225806453
0 0.017137096774193547 0.033602150537634407 0.034274193548387094 0.06720430107526881
0 0.21169354838709678 0.03293010752688172 0.16129032258064516 0.06586021505376344
0 0.17641129032258066 0.061155913978494625 0.09879032258064516 0.12231182795698925
0 0.24193548387096775 0.22244623655913978 0.13407258064516128 0.20026881720430106
0 0.1844758064516129 0.38911290322580644 0.09879032258064516 0.15188172043010753
0 0.41381048387096775 0.2452956989247312 0.0715725806451613 0.1303763440860215
0 0.4002016129032258 0.4381720430107527 0.09879032258064516 0.18010752688172044
0 0.4334677419354839 0.5557795698924731 0.03225806451612903 0.16801075268817203
0 0.30544354838709675 0.135752688172043 0.08064516129032258 0.12231182795698925
0 0.53125 0.2600806451612903 0.16330645161290322 0.24059139784946237
0 0.5740927419354839 0.2950268817204301 0.17237903225806453 0.1989247311827957
0 0.6169354838709677 0.6256720430107527 0.08266129032258064 0.028225806451612902
0 0.7525201612903226 0.17809139784946237 0.08971774193548387 0.12365591397849462
0 0.8079637096774194 0.041666666666666664 0.12600806451612903 0.08333333333333333
0 0.9178427419354839 0.25806451612903225 0.16431451612903225 0.20430107526881722
0 0.9783266129032258 0.1135752688172043 0.04334677419354839 0.10080645161290322
0 0.9773185483870968 0.3635752688172043 0.04536290322580645 0.1303763440860215
0 0.9405241935483871 0.015456989247311828 0.10483870967741936 0.030913978494623656
0 0.011592741935483871 0.7002688172043011 0.023185483870967742 0.12096774193548387
0 0.2600806451612903 0.855510752688172 0.15625 0.20430107526881722
0 0.4128024193548387 0.8817204301075269 0.07358870967741936 0.11290322580645161
0 0.7358870967741935 0.9657258064516129 0.08266129032258064 0.06854838709677419
0 0.686491935483871 0.6814516129032258 0.17943548387096775 0.08333333333333333
0 0.608366935483871 0.6720430107526881 0.23891129032258066 0.06451612903225806