0 0.3611111111111111 0.3223905723905724 0.14267676767676768 0.18181818181818182
0 0.2481060606060606 0.44023569023569026 0.10606060606060606 0.12626262626262627
0 0.18686868686868688 0.29713804713804715 0.20202020202020202 0.29292929292929293
0 0.09154040404040405 0.132996632996633 0.1830808080808081 0.265993265993266
0 0.8345959595959596 0.1893939393939394 0.14646464646464646 0.21717171717171718
0 0.6938131313131313 0.0707070707070707 0.2689393939393939 0.1414141414141414
0 0.7140151515151515 0.5404040404040404 0.1414141414141414 0.1919191919191919
0 0.9198232323232324 0.2895622895622896 0.07954545454545454 0.10606060606060606
0 0.5056818181818182 0.8922558922558923 0.10732323232323232 0.1919191919191919
0 0.2556818181818182 0.8148148148148148 0.13762626262626262 0.17003367003367004
0 0.17929292929292928 0.9688552188552189 0.10353535353535354 0.06228956228956229
0 0.9652777777777778 0.9427609427609428 0.06944444444444445 0.11447811447811448
0 0.7335858585858586 0.8872053872053872 0.12121212121212122 0.1447811447811448