0 0.328125 0.17222222222222222 0.11458333333333333 0.12083333333333333
0 0.21875 0.3284722222222222 0.18645833333333334 0.20416666666666666
0 0.1765625 0.44027777777777777 0.13020833333333334 0.18194444444444444
0 0.021875 0.09930555555555555 0.04375 0.1986111111111111
0 0.065625 0.25416666666666665 0.08854166666666667 0.15138888888888888
0 0.4036458333333333 0.10138888888888889 0.08229166666666667 0.09305555555555556
0 0.9848958333333333 0.11180555555555556 0.030208333333333334 0.16527777777777777
0 0.9734375 0.4534722222222222 0.053125 0.1763888888888889
0 0.8484375 0.25 0.07916666666666666 0.10138888888888889
0 0.5244791666666667 0.5625 0.06979166666666667 0.1527777777777778
0 0.5364583333333334 0.28055555555555556 0.09375 0.13333333333333333
0 0.6375 0.04375 0.18541666666666667 0.0875
0 0.47604166666666664 0.8881944444444444 0.027083333333333334 0.1125
0 0.434375 0.9631944444444445 0.09791666666666667 0.07361111111111111
0 0.16979166666666667 0.7055555555555556 0.1 0.13333333333333333
0 0.08958333333333333 0.6708333333333333 0.12083333333333333 0.06388888888888888
0 0.040625 0.8423611111111111 0.08125 0.15416666666666667
0 0.12760416666666666 0.8923611111111112 0.121875 0.19444444444444445
0 0.215625 0.9736111111111111 0.1 0.05277777777777778
0 0.8932291666666666 0.73125 0.090625 0.11805555555555555
0 0.8333333333333334 0.8222222222222222 0.078125 0.1111111111111111
0 0.7791666666666667 0.85625 0.10520833333333333 0.1125
0 0.6911458333333333 0.9590277777777778 0.06354166666666666 0.08194444444444444
0 0.5234375 0.9402777777777778 0.06770833333333333 0.11944444444444445
0 0.9645833333333333 0.9319444444444445 0.07083333333333333 0.10833333333333334