0 0.20631067961165048 0.4813915857605178 0.08009708737864078 0.05663430420711974
0 0.23725728155339806 0.42394822006472493 0.1104368932038835 0.16990291262135923
0 0.30461165048543687 0.27427184466019416 0.11165048543689321 0.16019417475728157
0 0.4217233009708738 0.08818770226537216 0.1929611650485437 0.17637540453074432
0 0.49029126213592233 0.043689320388349516 0.07766990291262135 0.08737864077669903
0 0.29065533980582525 0.01779935275080906 0.14684466019417475 0.03559870550161812
0 0.6183252427184466 0.4692556634304207 0.17111650485436894 0.08090614886731391
0 0.7700242718446602 0.20388349514563106 0.12378640776699029 0.1634304207119741
0 0.24029126213592233 0.5533980582524272 0.14805825242718446 0.08737864077669903
0 0.05703883495145631 0.5768608414239482 0.11407766990291263 0.1343042071197411
0 0.7991504854368932 0.8058252427184466 0.1966019417475728 0.27184466019417475
0 0.8901699029126213 0.7783171521035599 0.11165048543689321 0.14724919093851133
0 0.5746359223300971 0.6156957928802589 0.09101941747572816 0.2087378640776699
0 0.6462378640776699 0.7402912621359223 0.14684466019417475 0.17313915857605178