0 0.284324942791762 0.24466463414634146 0.19679633867276888 0.3079268292682927
0 0.32265446224256294 0.11128048780487805 0.15789473684210525 0.2225609756097561
0 0.19393592677345536 0.3932926829268293 0.11556064073226545 0.11280487804878049
0 0.5572082379862701 0.3315548780487805 0.17162471395881007 0.23628048780487804
0 0.6590389016018307 0.02972560975609756 0.12128146453089245 0.05945121951219512
0 0.13215102974828374 0.8650914634146342 0.09038901601830664 0.12042682926829268
0 0.060068649885583525 0.6996951219512195 0.10640732265446225 0.14329268292682926
0 0.2522883295194508 0.49847560975609756 0.09954233409610984 0.0975609756097561
0 0.3266590389016018 0.5975609756097561 0.15217391304347827 0.20121951219512196
0 0.4856979405034325 0.9146341463414634 0.13157894736842105 0.17073170731707318
0 0.971395881006865 0.48551829268292684 0.057208237986270026 0.07164634146341463
0 0.6767734553775744 0.7103658536585366 0.11670480549199085 0.14939024390243902
0 0.6115560640732265 0.49847560975609756 0.11098398169336385 0.0975609756097561
0 0.4439359267734554 0.6615853658536586 0.04805491990846682 0.2621951219512195