0 0.39961139896373055 0.22837370242214533 0.13860103626943004 0.2179930795847751
0 0.32059585492227977 0.03806228373702422 0.14378238341968913 0.07612456747404844
0 0.522020725388601 0.2811418685121107 0.10621761658031088 0.18858131487889274
0 0.6832901554404145 0.32006920415224915 0.2422279792746114 0.17647058823529413
0 0.8698186528497409 0.05103806228373702 0.1878238341968912 0.10207612456747404
0 0.8322538860103627 0.2041522491349481 0.13989637305699482 0.19377162629757785
0 0.18458549222797926 0.5311418685121108 0.2033678756476684 0.24567474048442905
0 0.4475388601036269 0.6375432525951558 0.042746113989637305 0.185121107266436
0 0.5058290155440415 0.7664359861591695 0.07383419689119171 0.34256055363321797
0 0.5194300518134715 0.9152249134948097 0.10103626943005181 0.1695501730103806
0 0.5680051813471503 0.8434256055363322 0.19818652849740934 0.31314878892733566
0 0.7908031088082902 0.6003460207612457 0.12176165803108809 0.1643598615916955
0 0.6360103626943006 0.5631487889273357 0.10492227979274611 0.1384083044982699