0 0.269281914893617 0.5531914893617021 0.12367021276595745 0.13120567375886524
0 0.34773936170212766 0.27925531914893614 0.14627659574468085 0.19326241134751773
0 0.20079787234042554 0.11524822695035461 0.16489361702127658 0.23049645390070922
0 0.06316489361702128 0.16932624113475178 0.12632978723404256 0.20035460992907803
0 0.9468085106382979 0.23581560283687944 0.07313829787234043 0.09397163120567376
0 0.875 0.2978723404255319 0.13829787234042554 0.1595744680851064
0 0.7586436170212766 0.3900709219858156 0.13164893617021275 0.16134751773049646
0 0.6210106382978723 0.5168439716312057 0.1622340425531915 0.20390070921985815
0 0.45944148936170215 0.6826241134751773 0.12898936170212766 0.1276595744680851
0 0.36569148936170215 0.7535460992907801 0.07313829787234043 0.09397163120567376
0 0.29388297872340424 0.8156028368794326 0.13829787234042554 0.1595744680851064
0 0.17752659574468085 0.9078014184397163 0.13164893617021275 0.16134751773049646
0 0.9561170212765957 0.8891843971631206 0.08776595744680851 0.22163120567375885
0 0.769281914893617 0.6640070921985816 0.1502659574468085 0.09042553191489362