0 0.4180327868852459 0.025273224043715847 0.07172131147540983 0.050546448087431695
0 0.45184426229508196 0.06147540983606557 0.09631147540983606 0.10109289617486339
0 0.47797131147540983 0.2062841530054645 0.04405737704918033 0.09016393442622951
0 0.26280737704918034 0.03278688524590164 0.0706967213114754 0.06557377049180328
0 0.5737704918032787 0.28620218579234974 0.14754098360655737 0.16256830601092895
0 0.5686475409836066 0.1864754098360656 0.13729508196721313 0.16256830601092895
0 0.5332991803278688 0.020491803278688523 0.06659836065573771 0.040983606557377046
0 0.764344262295082 0.3442622950819672 0.07581967213114754 0.11748633879781421
0 0.8965163934426229 0.24726775956284153 0.10040983606557377 0.16666666666666666
0 0.9836065573770492 0.33674863387978143 0.03278688524590164 0.11885245901639344
0 0.01331967213114754 0.43989071038251365 0.02663934426229508 0.060109289617486336
0 0.1864754098360656 0.9221311475409836 0.125 0.1557377049180328
0 0.257172131147541 0.648224043715847 0.10245901639344263 0.12021857923497267
0 0.3831967213114754 0.42827868852459017 0.08196721311475409 0.036885245901639344
0 0.3770491803278688 0.5853825136612022 0.07479508196721311 0.10245901639344263
0 0.48309426229508196 0.7841530054644809 0.03381147540983607 0.10109289617486339
0 0.9293032786885246 0.6796448087431693 0.1413934426229508 0.16530054644808742
0 0.9641393442622951 0.8005464480874317 0.07172131147540983 0.16120218579234974
0 0.9277663934426229 0.47950819672131145 0.11168032786885246 0.11612021857923498