0 0.4659329140461216 0.27164804469273746 0.09119496855345911 0.26955307262569833
0 0.559748427672956 0.33589385474860334 0.1090146750524109 0.13966480446927373
0 0.5235849056603774 0.5572625698324022 0.09119496855345911 0.08659217877094973
0 0.12264150943396226 0.4930167597765363 0.07756813417190776 0.09776536312849161
0 0.10167714884696016 0.44553072625698326 0.03878406708595388 0.09078212290502793
0 0.3228511530398323 0.19553072625698323 0.07023060796645703 0.13547486033519554
0 0.10744234800838574 0.06354748603351955 0.07023060796645703 0.09497206703910614
0 0.7866876310272537 0.33100558659217877 0.07442348008385745 0.11731843575418995
0 0.9764150943396226 0.35614525139664804 0.04716981132075472 0.11173184357541899
0 0.8039832285115304 0.5935754189944135 0.1090146750524109 0.11173184357541899
0 0.022536687631027254 0.8337988826815642 0.04507337526205451 0.16201117318435754
0 0.08071278825995808 0.8177374301675978 0.07442348008385745 0.138268156424581
0 0.889937106918239 0.7081005586592178 0.10482180293501048 0.11731843575418995
0 0.8233752620545073 0.9748603351955307 0.09119496855345911 0.05027932960893855