0 0.4429347826086957 0.04057971014492753 0.10978260869565218 0.08115942028985507
0 0.4146739130434783 0.2528985507246377 0.17065217391304346 0.24202898550724639
0 0.3641304347826087 0.3427536231884058 0.13043478260869565 0.1753623188405797
0 0.02391304347826087 0.2514492753623188 0.04782608695652174 0.14057971014492754
0 0.6086956521739131 0.2927536231884058 0.17065217391304346 0.21739130434782608
0 0.8157608695652174 0.06956521739130435 0.13369565217391305 0.1391304347826087
0 0.941304347826087 0.3181159420289855 0.11630434782608695 0.15072463768115943
0 0.8641304347826086 0.40507246376811595 0.12934782608695652 0.17101449275362318
0 0.21739130434782608 0.5355072463768116 0.11956521739130435 0.07101449275362319
0 0.045108695652173916 0.5521739130434783 0.09021739130434783 0.10434782608695652
0 0.20054347826086957 0.8557971014492753 0.12391304347826088 0.1536231884057971
0 0.47445652173913044 0.7130434782608696 0.051086956521739134 0.14492753623188406
0 0.19510869565217392 0.7144927536231884 0.11304347826086956 0.14347826086956522
0 0.5836956521739131 0.8753623188405797 0.10108695652173913 0.13623188405797101
0 0.5728260869565217 0.6992753623188406 0.08804347826086957 0.11304347826086956
0 0.7288043478260869 0.6166666666666667 0.09347826086956522 0.12318840579710146
0 0.8391304347826087 0.768840579710145 0.19021739130434784 0.24492753623188407
0 0.9635869565217391 0.9 0.07282608695652174 0.14492753623188406