0 0.4930139720558882 0.3191489361702128 0.09381237524950099 0.15159574468085107
0 0.11526946107784432 0.35771276595744683 0.08682634730538923 0.11569148936170212
0 0.5783433133732535 0.4973404255319149 0.07684630738522955 0.0851063829787234
0 0.7020958083832335 0.1735372340425532 0.08582834331337326 0.12234042553191489
0 0.7350299401197605 0.03324468085106383 0.11676646706586827 0.06648936170212766
0 0.405189620758483 0.9767287234042553 0.09580838323353294 0.04654255319148936
0 0.018463073852295408 0.9521276595744681 0.036926147704590816 0.09574468085106383
0 0.124750499001996 0.6063829787234043 0.15568862275449102 0.13297872340425532
0 0.1501996007984032 0.6768617021276596 0.18463073852295409 0.27393617021276595
0 0.25948103792415167 0.7925531914893617 0.09481037924151696 0.14095744680851063
0 0.3338323353293413 0.836436170212766 0.06686626746506986 0.09175531914893617
0 0.5229540918163673 0.6868351063829787 0.033932135728542916 0.12367021276595745
0 0.5064870259481038 0.6363031914893617 0.06686626746506986 0.12367021276595745
0 0.7075848303393214 0.9335106382978723 0.0998003992015968 0.13297872340425532
0 0.657185628742515 0.8337765957446809 0.06686626746506986 0.08643617021276596
0 0.6342315369261478 0.7646276595744681 0.09281437125748503 0.13962765957446807
0 0.5853293413173652 0.6382978723404256 0.09081836327345309 0.13297872340425532