0 0.2519762845849802 0.5348684210526315 0.09881422924901186 0.06973684210526315
0 0.1299407114624506 0.506578947368421 0.16106719367588934 0.12631578947368421
0 0.27865612648221344 0.07236842105263158 0.10869565217391304 0.14473684210526316
0 0.37895256916996045 0.25263157894736843 0.11264822134387352 0.15
0 0.05237154150197629 0.4342105263157895 0.10474308300395258 0.21578947368421053
0 0.6131422924901185 0.5203947368421052 0.1274703557312253 0.09868421052631579
0 0.95899209486166 0.5361842105263158 0.08201581027667984 0.06710526315789474
0 0.8389328063241107 0.5348684210526315 0.12845849802371542 0.06973684210526315
0 0.9688735177865613 0.07894736842105263 0.06225296442687747 0.15789473684210525
0 0.7495059288537549 0.4605263157894737 0.0958498023715415 0.1355263157894737
0 0.09733201581027667 0.6802631578947368 0.09090909090909091 0.11315789473684211
0 0.3483201581027668 0.6414473684210527 0.13932806324110672 0.14342105263157895
0 0.44960474308300397 0.8480263157894737 0.05928853754940711 0.14078947368421052
0 0.6482213438735178 0.9651315789473685 0.11462450592885376 0.06973684210526315
0 0.8162055335968379 0.7513157894736842 0.11264822134387352 0.13289473684210526
0 0.807806324110672 0.6157894736842106 0.1907114624505929 0.09210526315789473
0 0.8063241106719368 0.8638157894736842 0.08201581027667984 0.1