0 0.05480295566502463 0.45476973684210525 0.10960591133004927 0.20559210526315788
0 0.20874384236453203 0.33963815789473684 0.1354679802955665 0.1825657894736842
0 0.35467980295566504 0.4621710526315789 0.1748768472906404 0.22697368421052633
0 0.5030788177339901 0.30180921052631576 0.13177339901477833 0.17927631578947367
0 0.37192118226600984 0.615953947368421 0.1354679802955665 0.12664473684210525
0 0.6323891625615764 0.39473684210526316 0.1268472906403941 0.20723684210526316
0 0.7937192118226601 0.5501644736842105 0.1330049261083744 0.17598684210526316
0 0.9433497536945813 0.6661184210526315 0.0812807881773399 0.02631578947368421
0 0.04064039408866995 0.7861842105263158 0.0812807881773399 0.13815789473684212
0 0.3522167487684729 0.9021381578947368 0.23645320197044334 0.19572368421052633
0 0.7013546798029556 0.7146381578947368 0.13669950738916256 0.07072368421052631
0 0.6527093596059114 0.8725328947368421 0.16748768472906403 0.25493421052631576
0 0.7604679802955665 0.96875 0.1440886699507389 0.0625