0 0.3939873417721519 0.23525280898876405 0.11075949367088607 0.04915730337078652
0 0.29852320675105487 0.19241573033707865 0.08860759493670886 0.10252808988764045
0 0.22468354430379747 0.21629213483146068 0.1308016877637131 0.08707865168539326
0 0.13871308016877637 0.014747191011235955 0.10654008438818566 0.02949438202247191
0 0.8718354430379747 0.23314606741573032 0.10021097046413502 0.05337078651685393
0 0.6877637130801688 0.2127808988764045 0.10970464135021098 0.09410112359550561
0 0.6139240506329114 0.018960674157303372 0.11181434599156118 0.037921348314606744
0 0.3259493670886076 0.7535112359550562 0.10548523206751055 0.14185393258426968
0 0.14873417721518986 0.7331460674157303 0.1149789029535865 0.17415730337078653
0 0.06434599156118144 0.8834269662921348 0.12869198312236288 0.23314606741573032
0 0.06751054852320675 0.43047752808988765 0.11181434599156118 0.15168539325842698
0 0.8143459915611815 0.7310393258426966 0.0759493670886076 0.10112359550561797
0 0.4688818565400844 0.8644662921348315 0.039029535864978905 0.13342696629213482
0 0.9414556962025317 0.3300561797752809 0.11708860759493671 0.1404494382022472
0 0.8386075949367089 0.29002808988764045 0.09282700421940929 0.060393258426966294
0 0.709915611814346 0.2970505617977528 0.09071729957805907 0.07443820224719101
0 0.6914556962025317 0.488061797752809 0.08544303797468354 0.125
0 0.4868143459915612 0.5407303370786517 0.07489451476793249 0.17696629213483145