0 0.08226221079691516 0.2773972602739726 0.12210796915167095 0.1643835616438356
0 0.38174807197943444 0.08818493150684932 0.05398457583547558 0.17636986301369864
0 0.45951156812339333 0.2320205479452055 0.10154241645244216 0.1421232876712329
0 0.5038560411311054 0.3210616438356164 0.19023136246786632 0.17636986301369864
0 0.7455012853470437 0.07876712328767123 0.15424164524421594 0.15753424657534246
0 0.07776349614395887 0.8912671232876712 0.15552699228791775 0.21746575342465754
0 0.21465295629820053 0.610445205479452 0.12082262210796915 0.15924657534246575
0 0.05912596401028278 0.6284246575342466 0.10025706940874037 0.1386986301369863
0 0.8316195372750642 0.7003424657534246 0.2120822622107969 0.3304794520547945
0 0.9331619537275064 0.7217465753424658 0.13367609254498714 0.2482876712328767
0 0.6484575835475579 0.6506849315068494 0.12982005141388175 0.18664383561643835