0 0.23506637168141592 0.441740412979351 0.10951327433628319 0.05457227138643068
0 0.34236725663716816 0.4277286135693215 0.1404867256637168 0.08259587020648967
0 0.45298672566371684 0.3466076696165192 0.13495575221238937 0.18141592920353983
0 0.43307522123893805 0.13274336283185842 0.14933628318584072 0.20501474926253688
0 0.7018805309734514 0.02654867256637168 0.10508849557522124 0.05309734513274336
0 0.7594026548672567 0.20870206489675516 0.125 0.16666666666666666
0 0.6786504424778761 0.3613569321533923 0.0586283185840708 0.20648967551622419
0 0.3689159292035398 0.9004424778761062 0.21349557522123894 0.19911504424778761
0 0.3069690265486726 0.8207964601769911 0.1504424778761062 0.20648967551622419
0 0.20962389380530974 0.9727138643067846 0.10730088495575221 0.05457227138643068
0 0.034292035398230086 0.9166666666666666 0.06858407079646017 0.16666666666666666
0 0.6758849557522124 0.8591445427728613 0.05309734513274336 0.1696165191740413