0 0.6214902807775378 0.32132564841498557 0.11663066954643629 0.14985590778097982
0 0.5599352051835853 0.5086455331412104 0.11339092872570194 0.08069164265129683
0 0.35529157667386607 0.29394812680115273 0.10583153347732181 0.1628242074927954
0 0.18952483801295897 0.29394812680115273 0.17602591792656588 0.2680115273775216
0 0.09611231101511879 0.329971181556196 0.15010799136069114 0.19452449567723343
0 0.12311015118790497 0.08645533141210375 0.12203023758099352 0.138328530259366
0 0.44924406047516197 0.31988472622478387 0.07991360691144708 0.11815561959654179
0 0.9503239740820735 0.4488472622478386 0.09935205183585313 0.14553314121037464
0 0.9028077753779697 0.13688760806916425 0.15766738660907129 0.19740634005763688
0 0.7629589632829373 0.03602305475504323 0.07883369330453564 0.07204610951008646
0 0.6187904967602592 0.899135446685879 0.12095032397408208 0.2017291066282421
0 0.3623110151187905 0.9668587896253602 0.08963282937365011 0.06628242074927954
0 0.3968682505399568 0.6073487031700289 0.17602591792656588 0.11671469740634005
0 0.15928725701943844 0.5850144092219021 0.091792656587473 0.07204610951008646
0 0.15982721382289417 0.7478386167146974 0.10475161987041037 0.14553314121037464
0 0.28725701943844495 0.5597982708933718 0.12095032397408208 0.021613832853025938
0 0.8828293736501079 0.7860230547550432 0.15226781857451405 0.2219020172910663