0 0.3275316455696203 0.15730337078651685 0.10443037974683544 0.13764044943820225
0 0.26845991561181437 0.29353932584269665 0.08438818565400844 0.09269662921348315
0 0.17827004219409281 0.238061797752809 0.11919831223628692 0.1952247191011236
0 0.06856540084388185 0.1544943820224719 0.1371308016877637 0.21067415730337077
0 0.7368143459915611 0.014044943820224719 0.08966244725738397 0.028089887640449437
0 0.6234177215189873 0.2893258426966292 0.09915611814345991 0.1404494382022472
0 0.34810126582278483 0.5575842696629213 0.06329113924050633 0.09269662921348315
0 0.30748945147679324 0.6172752808988764 0.07172995780590717 0.13202247191011235
0 0.22046413502109705 0.7176966292134831 0.06645569620253164 0.0898876404494382
0 0.06856540084388185 0.8686797752808989 0.1371308016877637 0.20084269662921347
0 0.017932489451476793 0.8560393258426966 0.035864978902953586 0.10814606741573034
0 0.1729957805907173 0.9634831460674157 0.11392405063291139 0.07303370786516854
0 0.9820675105485233 0.5575842696629213 0.035864978902953586 0.15168539325842698
0 0.8391350210970464 0.4887640449438202 0.23523206751054854 0.199438202247191
0 0.6334388185654009 0.675561797752809 0.11181434599156118 0.13623595505617977
0 0.9831223628691983 0.8588483146067416 0.03375527426160337 0.14185393258426968