0 0.5019582245430809 0.19686411149825783 0.05352480417754569 0.20209059233449478
0 0.42036553524804177 0.0627177700348432 0.21671018276762402 0.1254355400696864
0 0.010443864229765013 0.24825783972125434 0.020887728459530026 0.17247386759581881
0 0.9014360313315927 0.2813588850174216 0.19712793733681463 0.2770034843205575
0 0.8426892950391645 0.18118466898954705 0.16840731070496084 0.2456445993031359
0 0.4719321148825065 0.8989547038327527 0.11357702349869452 0.20209059233449478
0 0.37402088772845954 0.9059233449477352 0.19712793733681463 0.18815331010452963
0 0.40926892950391647 0.8327526132404182 0.23890339425587467 0.3344947735191638
0 0.04960835509138381 0.7203832752613241 0.09921671018276762 0.13763066202090593
0 0.9556135770234987 0.5940766550522648 0.08877284595300261 0.2926829268292683
0 0.9203655352480418 0.563588850174216 0.1370757180156658 0.17770034843205576
0 0.5718015665796344 0.9285714285714286 0.08616187989556136 0.14285714285714285