0 0.44360902255639095 0.18896321070234115 0.09273182957393483 0.16722408026755853
0 0.37406015037593987 0.4188963210702341 0.12531328320802004 0.17391304347826086
0 0.3634085213032581 0.047658862876254184 0.11278195488721804 0.09531772575250837
0 0.7349624060150376 0.43478260869565216 0.13909774436090225 0.16722408026755853
0 0.6522556390977443 0.4096989966555184 0.13408521303258145 0.21739130434782608
0 0.7048872180451128 0.12290969899665552 0.11278195488721804 0.12207357859531773
0 0.8527568922305765 0.02508361204013378 0.15914786967418545 0.05016722408026756
0 0.11967418546365914 0.9163879598662207 0.12030075187969924 0.16387959866220736
0 0.20238095238095238 0.6981605351170569 0.15538847117794485 0.17391304347826086
0 0.3941102756892231 0.7316053511705686 0.09649122807017543 0.11036789297658862
0 0.12844611528822056 0.5652173913043478 0.12656641604010024 0.09364548494983277
0 0.9016290726817042 0.8193979933110368 0.08771929824561403 0.11705685618729098
0 0.856516290726817 0.5334448160535117 0.09899749373433583 0.030100334448160536