0 0.1744318181818182 0.625 0.08977272727272727 0.05
0 0.09943181818181818 0.5863636363636363 0.10113636363636364 0.12727272727272726
0 0.2375 0.05454545454545454 0.125 0.10909090909090909
0 0.07045454545454545 0.03106060606060606 0.1409090909090909 0.06212121212121212
0 0.022727272727272728 0.15227272727272728 0.045454545454545456 0.1590909090909091
0 0.9022727272727272 0.5515151515151515 0.1 0.13636363636363635
0 0.7426136363636363 0.6318181818181818 0.09659090909090909 0.03636363636363636
0 0.7113636363636363 0.27575757575757576 0.09659090909090909 0.16515151515151516
0 0.5795454545454546 0.12651515151515152 0.16136363636363638 0.25303030303030305
0 0.48465909090909093 0.08257575757575758 0.14659090909090908 0.16515151515151516
0 0.9892045454545455 0.11136363636363636 0.02159090909090909 0.12575757575757576
0 0.7778409090909091 0.3939393939393939 0.09431818181818181 0.14545454545454545
0 0.2840909090909091 0.7318181818181818 0.031818181818181815 0.1393939393939394
0 0.7028409090909091 0.725 0.13522727272727272 0.15
0 0.8301136363636363 0.7818181818181819 0.09090909090909091 0.1590909090909091