0 0.9442708333333333 0.07708333333333334 0.10729166666666666 0.14444444444444443
0 0.9296875 0.22708333333333333 0.10104166666666667 0.13055555555555556
0 0.8369791666666667 0.09513888888888888 0.128125 0.16944444444444445
0 0.7005208333333334 0.11458333333333333 0.121875 0.14722222222222223
0 0.03229166666666667 0.6465277777777778 0.06458333333333334 0.15416666666666667
0 0.29739583333333336 0.8027777777777778 0.10520833333333333 0.1388888888888889
0 0.5651041666666666 0.5513888888888889 0.09479166666666666 0.125
0 0.45729166666666665 0.6958333333333333 0.15416666666666667 0.25
0 0.396875 0.7590277777777777 0.09375 0.17916666666666667
0 0.8541666666666666 0.6715277777777777 0.11145833333333334 0.1486111111111111
0 0.8322916666666667 0.9430555555555555 0.13333333333333333 0.11388888888888889
0 0.7755208333333333 0.9333333333333333 0.096875 0.12916666666666668
0 0.6302083333333334 0.9590277777777778 0.15208333333333332 0.08194444444444444
0 0.5114583333333333 0.9006944444444445 0.115625 0.12361111111111112