0 0.027663934426229508 0.412568306010929 0.055327868852459015 0.21311475409836064
0 0.06915983606557377 0.47882513661202186 0.10758196721311475 0.08060109289617487
0 0.3319672131147541 0.4494535519125683 0.03381147540983607 0.10245901639344263
0 0.8273565573770492 0.040983606557377046 0.0932377049180328 0.08196721311475409
0 0.8401639344262295 0.25614754098360654 0.07991803278688525 0.12021857923497267
0 0.5829918032786885 0.22199453551912568 0.1762295081967213 0.1762295081967213
0 0.5353483606557377 0.3435792349726776 0.1260245901639344 0.20765027322404372
0 0.6547131147540983 0.40846994535519127 0.0932377049180328 0.12295081967213115
0 0.7638319672131147 0.44672131147540983 0.10553278688524591 0.12295081967213115
0 0.274077868852459 0.819672131147541 0.09016393442622951 0.1366120218579235
0 0.05737704918032787 0.7083333333333334 0.11475409836065574 0.23087431693989072
0 0.0471311475409836 0.8790983606557377 0.0860655737704918 0.1092896174863388
0 0.18545081967213115 0.9439890710382514 0.07684426229508197 0.10109289617486339
0 0.8155737704918032 0.5669398907103825 0.09221311475409837 0.09562841530054644
0 0.4738729508196721 0.5327868852459017 0.0932377049180328 0.0273224043715847
0 0.48668032786885246 0.7206284153005464 0.07991803278688525 0.12021857923497267
0 0.7223360655737705 0.8326502732240437 0.13524590163934427 0.15846994535519127
0 0.4410860655737705 0.9112021857923497 0.04405737704918033 0.12295081967213115
0 0.7761270491803278 0.9931693989071039 0.07479508196721311 0.01366120218579235