0 0.03201970443349754 0.11266447368421052 0.06403940886699508 0.12664473684210525
0 0.4618226600985222 0.20970394736842105 0.1921182266009852 0.23848684210526316
0 0.3552955665024631 0.1924342105263158 0.23275862068965517 0.2730263157894737
0 0.1915024630541872 0.27713815789473684 0.12931034482758622 0.10361842105263158
0 0.770320197044335 0.19161184210526316 0.16625615763546797 0.20394736842105263
0 0.7777093596059114 0.03453947368421053 0.13916256157635468 0.06907894736842106
0 0.054187192118226604 0.5797697368421053 0.10837438423645321 0.16940789473684212
0 0.15270935960591134 0.5567434210526315 0.07019704433497537 0.09375
0 0.2309113300492611 0.5460526315789473 0.12315270935960591 0.17269736842105263
0 0.3565270935960591 0.5353618421052632 0.12192118226600986 0.16776315789473684
0 0.5511083743842364 0.48848684210526316 0.21921182266009853 0.29605263157894735
0 0.6163793103448276 0.4144736842105263 0.1268472906403941 0.17105263157894737
0 0.45935960591133007 0.9810855263157895 0.14285714285714285 0.03782894736842105
0 0.5991379310344828 0.8914473684210527 0.16133004926108374 0.2138157894736842
0 0.5899014778325123 0.6916118421052632 0.15024630541871922 0.1924342105263158
0 0.8817733990147784 0.6694078947368421 0.13177339901477833 0.17598684210526316