0 0.6302197802197802 0.5065982404692082 0.0978021978021978 0.06598240469208211
0 0.5576923076923077 0.1781524926686217 0.07692307692307693 0.14809384164222875
0 0.41483516483516486 0.09530791788856305 0.12637362637362637 0.1906158357771261
0 0.32142857142857145 0.051319648093841645 0.12637362637362637 0.10263929618768329
0 0.09725274725274725 0.4318181818181818 0.07142857142857142 0.09970674486803519
0 0.6296703296703297 0.2602639296187683 0.06153846153846154 0.10410557184750734
0 0.910989010989011 0.48607038123167157 0.10989010989010989 0.10703812316715543
0 0.8967032967032967 0.18255131964809385 0.1 0.1378299120234604
0 0.5719780219780219 0.9340175953079178 0.08351648351648351 0.11730205278592376
0 0.3554945054945055 0.7118768328445748 0.07802197802197802 0.15102639296187684
0 0.20659340659340658 0.6195014662756598 0.14065934065934066 0.1598240469208211
0 0.11043956043956044 0.592375366568915 0.11538461538461539 0.10557184750733138
0 0.4346153846153846 0.8064516129032258 0.07802197802197802 0.1348973607038123
0 0.7346153846153847 0.6121700879765396 0.04945054945054945 0.13929618768328444
0 0.8648351648351649 0.625366568914956 0.1076923076923077 0.10557184750733138