0 0.1350635593220339 0.05296610169491525 0.0836864406779661 0.1059322033898305
0 0.11334745762711865 0.10028248587570622 0.0847457627118644 0.11864406779661017
0 0.375 0.2111581920903955 0.029661016949152543 0.153954802259887
0 0.24947033898305085 0.451271186440678 0.09851694915254237 0.1172316384180791
0 0.6085805084745762 0.19562146892655366 0.15889830508474576 0.2909604519774011
0 0.6684322033898306 0.09180790960451977 0.13347457627118645 0.18361581920903955
0 0.503177966101695 0.3474576271186441 0.1048728813559322 0.1652542372881356
0 0.1419491525423729 0.8531073446327684 0.125 0.2824858757062147
0 0.2966101694915254 0.9307909604519774 0.13347457627118645 0.1384180790960452
0 0.3569915254237288 0.9216101694915254 0.06567796610169492 0.15677966101694915
0 0.3448093220338983 0.6306497175141242 0.0858050847457627 0.12570621468926554
0 0.628707627118644 0.8940677966101694 0.1472457627118644 0.211864406779661
0 0.4073093220338983 0.9385593220338984 0.034957627118644065 0.1228813559322034
0 0.7680084745762712 0.5967514124293786 0.10699152542372882 0.14124293785310735
0 0.4004237288135593 0.6567796610169492 0.0211864406779661 0.13559322033898305
0 0.4570974576271186 0.6313559322033898 0.11864406779661017 0.1596045197740113