0 0.06384408602150538 0.33154121863799285 0.12768817204301075 0.17562724014336917
0 0.16532258064516128 0.25268817204301075 0.08870967741935484 0.12007168458781362
0 0.23588709677419356 0.21594982078853048 0.14112903225806453 0.17204301075268819
0 0.36693548387096775 0.13440860215053763 0.135752688172043 0.17204301075268819
0 0.5645161290322581 0.2132616487455197 0.02956989247311828 0.12186379928315412
0 0.7513440860215054 0.0985663082437276 0.21774193548387097 0.1971326164874552
0 0.8676075268817204 0.3790322580645161 0.18413978494623656 0.08064516129032258
0 0.7634408602150538 0.2948028673835125 0.15053763440860216 0.21863799283154123
0 0.1989247311827957 0.5412186379928315 0.12231182795698925 0.16666666666666666
0 0.04838709677419355 0.6084229390681004 0.0967741935483871 0.13799283154121864
0 0.05309139784946237 0.8853046594982079 0.10618279569892473 0.15053763440860216
0 0.23118279569892472 0.9148745519713262 0.23387096774193547 0.17025089605734767
0 0.5188172043010753 0.9193548387096774 0.06182795698924731 0.16129032258064516
0 0.489247311827957 0.728494623655914 0.12096774193548387 0.20967741935483872
0 0.5134408602150538 0.4632616487455197 0.07258064516129033 0.08781362007168458
0 0.7432795698924731 0.45161290322580644 0.10752688172043011 0.06451612903225806
0 0.7486559139784946 0.692652329749104 0.11559139784946236 0.15053763440860216
0 0.907258064516129 0.7849462365591398 0.18548387096774194 0.2974910394265233