0 0.14570858283433133 0.07513297872340426 0.2375249500998004 0.1502659574468085
0 0.29191616766467066 0.24867021276595744 0.09880239520958084 0.13031914893617022
0 0.4720558882235529 0.041223404255319146 0.08782435129740519 0.08244680851063829
0 0.5823353293413174 0.18882978723404256 0.15169660678642716 0.2154255319148936
0 0.6611776447105788 0.21675531914893617 0.11277445109780439 0.14627659574468085
0 0.9186626746506986 0.14428191489361702 0.05688622754491018 0.09973404255319149
0 0.4181636726546906 0.35970744680851063 0.07784431137724551 0.07845744680851063
0 0.48902195608782434 0.29986702127659576 0.11776447105788423 0.13430851063829788
0 0.30988023952095806 0.4541223404255319 0.10878243512974052 0.11037234042553191
0 0.0249500998003992 0.7865691489361702 0.0499001996007984 0.17154255319148937
0 0.2345309381237525 0.9694148936170213 0.03792415169660679 0.061170212765957445
0 0.405189620758483 0.4148936170212766 0.05189620758483034 0.031914893617021274
0 0.3907185628742515 0.5412234042553191 0.022954091816367265 0.11702127659574468
0 0.5578842315369261 0.6748670212765957 0.07884231536926148 0.11569148936170212
0 0.6017964071856288 0.5538563829787234 0.12375249500998003 0.1622340425531915
0 0.7495009980039921 0.8683510638297872 0.12075848303393213 0.15159574468085107
0 0.39471057884231536 0.836436170212766 0.03093812375249501 0.13031914893617022
0 0.4555888223552894 0.867686170212766 0.0968063872255489 0.1356382978723404