0 0.48552894211576847 0.42353723404255317 0.14870259481037923 0.2752659574468085
0 0.4101796407185629 0.4162234042553192 0.14471057884231536 0.20079787234042554
0 0.27694610778443113 0.1023936170212766 0.07884231536926148 0.11037234042553191
0 0.03642714570858283 0.5299202127659575 0.07285429141716566 0.07845744680851063
0 0.12275449101796407 0.5452127659574468 0.14770459081836326 0.047872340425531915
0 0.966566866267465 0.36569148936170215 0.06686626746506986 0.13829787234042554
0 0.9775449101796407 0.20079787234042554 0.04491017964071856 0.17819148936170212
0 0.6172654690618763 0.31648936170212766 0.11477045908183632 0.16489361702127658
0 0.7215568862275449 0.4833776595744681 0.10978043912175649 0.14760638297872342
0 0.5199600798403193 0.5944148936170213 0.07984031936127745 0.05053191489361702
0 0.10678642714570859 0.613031914893617 0.14570858283433133 0.08776595744680851
0 0.25449101796407186 0.769281914893617 0.11177644710578842 0.15159574468085107
0 0.46506986027944114 0.9029255319148937 0.18962075848303392 0.19414893617021275
0 0.3627744510978044 0.9833776595744681 0.09880239520958084 0.03324468085106383
0 0.2405189620758483 0.9348404255319149 0.08882235528942116 0.11835106382978723
0 0.968562874251497 0.75 0.06287425149700598 0.13297872340425532
0 0.7759481037924152 0.6263297872340425 0.1506986027944112 0.11436170212765957
0 0.9276447105788423 0.9341755319148937 0.11676646706586827 0.13164893617021275
0 0.6921157684630739 0.805186170212766 0.08882235528942116 0.11170212765957446
0 0.6237524950099801 0.663563829787234 0.09281437125748503 0.12632978723404256