0 0.33676092544987146 0.3099315068493151 0.16966580976863754 0.2345890410958904
0 0.4601542416452442 0.1523972602739726 0.11696658097686376 0.17636986301369864
0 0.6079691516709511 0.10787671232876712 0.10282776349614396 0.21575342465753425
0 0.6799485861182519 0.07363013698630137 0.04113110539845758 0.13356164383561644
0 0.7377892030848329 0.363013698630137 0.15681233933161953 0.2328767123287671
0 0.6966580976863753 0.4700342465753425 0.07455012853470437 0.1386986301369863
0 0.9723650385604113 0.1934931506849315 0.055269922879177376 0.22945205479452055
0 0.8605398457583547 0.2482876712328767 0.11311053984575835 0.1917808219178082
0 0.15295629820051415 0.5659246575342466 0.15681233933161953 0.053082191780821915
0 0.06683804627249357 0.7397260273972602 0.13367609254498714 0.3938356164383562
0 0.43316195372750643 0.625 0.13624678663239073 0.17123287671232876
0 0.6272493573264781 0.6053082191780822 0.06426735218508997 0.13184931506849315
0 0.8001285347043702 0.6977739726027398 0.10539845758354756 0.11986301369863013