0 0.5107296137339056 0.1969914040114613 0.09656652360515021 0.14756446991404013
0 0.884656652360515 0.17621776504297995 0.1427038626609442 0.15329512893982808
0 0.0895922746781116 0.8116045845272206 0.10836909871244635 0.10028653295128939
0 0.148068669527897 0.9656160458452722 0.1759656652360515 0.06876790830945559
0 0.3041845493562232 0.5257879656160458 0.09763948497854077 0.09169054441260745
0 0.5236051502145923 0.6626074498567335 0.13090128755364808 0.17621776504297995
0 0.453862660944206 0.7213467048710601 0.08476394849785408 0.11174785100286533
0 0.440450643776824 0.9126074498567335 0.10193133047210301 0.17478510028653296
0 0.3165236051502146 0.9763610315186246 0.07296137339055794 0.04727793696275072
0 0.038090128755364806 0.7048710601719198 0.07618025751072961 0.08022922636103152
0 0.5348712446351931 0.8925501432664756 0.060085836909871244 0.11461318051575932
0 0.9168454935622318 0.9527220630372493 0.09120171673819742 0.09455587392550144