0 0.379739336492891 0.015822784810126583 0.08886255924170616 0.03164556962025317
0 0.4040284360189573 0.2563291139240506 0.19549763033175355 0.25
0 0.35071090047393366 0.3536392405063291 0.1066350710900474 0.14240506329113925
0 0.5231042654028436 0.17325949367088608 0.07227488151658767 0.18829113924050633
0 0.6291469194312796 0.2634493670886076 0.10071090047393365 0.1518987341772152
0 0.794431279620853 0.1962025316455696 0.1338862559241706 0.20569620253164558
0 0.7174170616113744 0.439873417721519 0.20023696682464456 0.0189873417721519
0 0.9158767772511849 0.3639240506329114 0.11729857819905214 0.15031645569620253
0 0.9757109004739336 0.3061708860759494 0.0485781990521327 0.1281645569620253
0 0.3690758293838863 0.8449367088607594 0.18127962085308058 0.21677215189873417
0 0.5195497630331753 0.5308544303797469 0.07938388625592417 0.1629746835443038
0 0.5787914691943128 0.5079113924050633 0.03909952606635071 0.11708860759493671
0 0.7227488151658767 0.4596518987341772 0.11137440758293839 0.020569620253164556
0 0.7268957345971564 0.5308544303797469 0.0995260663507109 0.1281645569620253
0 0.7553317535545023 0.6186708860759493 0.10545023696682465 0.1281645569620253
0 0.9265402843601895 0.9454113924050633 0.12322274881516587 0.10917721518987342