0 0.3181362725450902 0.28609625668449196 0.11823647294589178 0.12299465240641712
0 0.12224448897795591 0.4117647058823529 0.09819639278557114 0.05614973262032086
0 0.15480961923847694 0.3094919786096257 0.12224448897795591 0.1270053475935829
0 0.09969939879759519 0.13168449197860962 0.09919839679358718 0.12433155080213903
0 0.968937875751503 0.04946524064171123 0.06212424849699399 0.09893048128342247
0 0.7845691382765531 0.2393048128342246 0.07214428857715431 0.13636363636363635
0 0.6533066132264529 0.33890374331550804 0.12224448897795591 0.2018716577540107
0 0.5771543086172345 0.37433155080213903 0.09619238476953908 0.13101604278074866
0 0.8486973947895792 0.15775401069518716 0.05711422845691383 0.0962566844919786
0 0.28306613226452904 0.5641711229946524 0.07615230460921844 0.09491978609625669
0 0.3682364729458918 0.46657754010695185 0.05711422845691383 0.053475935828877004
0 0.501002004008016 0.5427807486631016 0.056112224448897796 0.09358288770053476
0 0.47945891783567135 0.7359625668449198 0.09919839679358718 0.196524064171123
0 0.49899799599198397 0.9478609625668449 0.06012024048096192 0.09893048128342247
0 0.3602204408817635 0.9772727272727273 0.07715430861723446 0.045454545454545456
0 0.2770541082164329 0.9004010695187166 0.09418837675350701 0.12299465240641712
0 0.07114228456913828 0.8522727272727273 0.12224448897795591 0.1711229946524064
0 0.7214428857715431 0.4679144385026738 0.06412825651302605 0.05614973262032086
0 0.9173346693386774 0.7794117647058824 0.12925851703406813 0.19518716577540107
0 0.7224448897795591 0.9271390374331551 0.07515030060120241 0.10294117647058823
0 0.6548096192384769 0.7733957219251337 0.0781563126252505 0.11363636363636363
0 0.8491983967935872 0.8917112299465241 0.09619238476953908 0.11898395721925134