0 0.3605476673427992 0.35945945945945945 0.07809330628803246 0.04054054054054054
0 0.2347870182555781 0.31756756756756754 0.10243407707910751 0.12432432432432433
0 0.5628803245436106 0.31891891891891894 0.12981744421906694 0.12162162162162163
0 0.9396551724137931 0.01418918918918919 0.1206896551724138 0.02837837837837838
0 0.4148073022312373 0.33175675675675675 0.030425963488843813 0.09594594594594595
0 0.35496957403651114 0.4810810810810811 0.08924949290060852 0.20270270270270271
0 0.048174442190669374 0.7189189189189189 0.09634888438133875 0.2
0 0.0973630831643002 0.9817567567567568 0.12373225152129817 0.03648648648648649
0 0.986815415821501 0.7837837837837838 0.02636916835699797 0.13513513513513514
0 0.9705882352941176 0.9668918918918918 0.058823529411764705 0.06621621621621622
0 0.920892494929006 0.9310810810810811 0.08924949290060852 0.11621621621621622
0 0.8605476673427992 0.9202702702702703 0.0922920892494929 0.11621621621621622
0 0.5892494929006086 0.7263513513513513 0.15618661257606492 0.21216216216216216
0 0.6039553752535497 0.9162162162162162 0.11257606490872211 0.15675675675675677
0 0.5157200811359026 0.9736486486486486 0.1389452332657201 0.052702702702702706