0 0.42464358452138495 0.25815217391304346 0.08961303462321792 0.0625
0 0.23930753564154786 0.024456521739130436 0.10183299389002037 0.04891304347826087
0 0.09674134419551934 0.03736413043478261 0.11812627291242363 0.07472826086956522
0 0.04429735234215886 0.18206521739130435 0.08859470468431772 0.14673913043478262
0 0.9409368635437881 0.09918478260869565 0.11812627291242363 0.1983695652173913
0 0.5234215885947047 0.24660326086956522 0.07331975560081466 0.08559782608695653
0 0.4103869653767821 0.9578804347826086 0.08757637474541752 0.08423913043478261
0 0.34674134419551933 0.563858695652174 0.1415478615071283 0.1983695652173913
0 0.2469450101832994 0.701766304347826 0.10081466395112017 0.1480978260869565
0 0.05855397148676171 0.9035326086956522 0.09979633401221996 0.16304347826086957
0 0.11456211812627291 0.6963315217391305 0.12118126272912423 0.19157608695652173
0 0.038696537678207736 0.6290760869565217 0.07739307535641547 0.16847826086956522
0 0.045824847250509164 0.33559782608695654 0.0814663951120163 0.09239130434782608
0 0.9129327902240326 0.49796195652173914 0.16191446028513237 0.3179347826086957
0 0.6069246435845214 0.4014945652173913 0.09674134419551934 0.13043478260869565
0 0.4979633401221996 0.8274456521739131 0.05702647657841141 0.13043478260869565