0 0.5758495145631068 0.43042071197411 0.08616504854368932 0.12297734627831715
0 0.44660194174757284 0.6003236245954693 0.09223300970873786 0.05825242718446602
0 0.4047330097087379 0.5008090614886731 0.0825242718446602 0.10032362459546926
0 0.3470873786407767 0.44093851132686085 0.08980582524271845 0.09546925566343042
0 0.1529126213592233 0.06067961165048544 0.13592233009708737 0.12135922330097088
0 0.08313106796116505 0.23220064724919093 0.09466019417475728 0.15048543689320387
0 0.8865291262135923 0.44336569579288027 0.09587378640776699 0.10841423948220065
0 0.8313106796116505 0.07524271844660194 0.12135922330097088 0.15048543689320387
0 0.7050970873786407 0.5266990291262136 0.09344660194174757 0.15210355987055016
0 0.6304611650485437 0.127831715210356 0.023058252427184466 0.12944983818770225
0 0.5054611650485437 0.7233009708737864 0.08980582524271845 0.09546925566343042
0 0.18507281553398058 0.9571197411003236 0.16868932038834952 0.08576051779935275
0 0.06674757281553398 0.6844660194174758 0.08737864077669903 0.11003236245954692
0 0.0891990291262136 0.8907766990291263 0.10072815533980582 0.14724919093851133
0 0.8725728155339806 0.6650485436893204 0.08009708737864078 0.07119741100323625
0 0.9660194174757282 0.7888349514563107 0.06796116504854369 0.08576051779935275
0 0.8737864077669902 0.9765372168284789 0.08009708737864078 0.04692556634304207
0 0.7014563106796117 0.936084142394822 0.1650485436893204 0.127831715210356