0 0.14919354838709678 0.25806451612903225 0.11290322580645161 0.15053763440860216
0 0.2439516129032258 0.32594086021505375 0.10483870967741936 0.12768817204301075
0 0.25705645161290325 0.17405913978494625 0.17943548387096775 0.24193548387096775
0 0.3311491935483871 0.06854838709677419 0.1905241935483871 0.13709677419354838
0 0.6421370967741935 0.035618279569892476 0.11693548387096774 0.07123655913978495
0 0.7696572580645161 0.3239247311827957 0.11995967741935484 0.13172043010752688
0 0.3805443548387097 0.8192204301075269 0.1502016129032258 0.2110215053763441
0 0.6320564516129032 0.8259408602150538 0.10584677419354839 0.14112903225806453
0 0.7540322580645161 0.6377688172043011 0.08870967741935484 0.13844086021505375
0 0.7928427419354839 0.4435483870967742 0.11794354838709678 0.10752688172043011
0 0.967741935483871 0.6196236559139785 0.06451612903225806 0.1532258064516129
0 0.9077620967741935 0.9583333333333334 0.10987903225806452 0.08333333333333333