0 0.3467391304347826 0.016666666666666666 0.11521739130434783 0.03333333333333333
0 0.5206521739130435 0.02826086956521739 0.09347826086956522 0.05652173913043478
0 0.36195652173913045 0.3210144927536232 0.12608695652173912 0.1565217391304348
0 0.3652173913043478 0.18043478260869567 0.11739130434782609 0.14782608695652175
0 0.4315217391304348 0.808695652173913 0.12391304347826088 0.1681159420289855
0 0.3065217391304348 0.6231884057971014 0.12717391304347825 0.16956521739130434
0 0.15108695652173912 0.6942028985507246 0.14673913043478262 0.20579710144927535
0 0.05271739130434783 0.5260869565217391 0.10543478260869565 0.1536231884057971
0 0.12119565217391304 0.8572463768115942 0.125 0.16956521739130434
0 0.6663043478260869 0.4543478260869565 0.1673913043478261 0.050724637681159424
0 0.7043478260869566 0.8239130434782609 0.09130434782608696 0.12318840579710146
0 0.9592391304347826 0.9289855072463769 0.08152173913043478 0.14202898550724638
0 0.7766304347826087 0.553623188405797 0.05326086956521739 0.14782608695652175