0 0.371978021978022 0.19941348973607037 0.13186813186813187 0.1774193548387097
0 0.5010989010989011 0.38049853372434017 0.11428571428571428 0.14809384164222875
0 0.737912087912088 0.10997067448680352 0.07582417582417582 0.21994134897360704
0 0.7510989010989011 0.37023460410557185 0.1021978021978022 0.13343108504398826
0 0.8917582417582418 0.41055718475073316 0.15054945054945054 0.11730205278592376
0 0.35604395604395606 0.5454545454545454 0.1021978021978022 0.14516129032258066
0 0.2521978021978022 0.7573313782991202 0.17582417582417584 0.24486803519061584
0 0.16923076923076924 0.7925219941348973 0.11538461538461539 0.14809384164222875
0 0.6357142857142857 0.8497067448680352 0.12857142857142856 0.15689149560117302
0 0.4912087912087912 0.9244868035190615 0.16043956043956045 0.15102639296187684
0 0.37252747252747254 0.8401759530791789 0.13296703296703297 0.15835777126099707
0 0.9494505494505494 0.9120234604105572 0.1010989010989011 0.17595307917888564