0 0.3293478260869565 0.32971014492753625 0.12717391304347825 0.16956521739130434
0 0.2728260869565217 0.48768115942028983 0.14347826086956522 0.10289855072463767
0 0.16521739130434782 0.5108695652173914 0.09130434782608696 0.05652173913043478
0 0.9244565217391304 0.40797101449275364 0.15108695652173912 0.21014492753623187
0 0.8635869565217391 0.24782608695652175 0.19021739130434784 0.26811594202898553
0 0.7744565217391305 0.042028985507246375 0.07608695652173914 0.08405797101449275
0 0.7440217391304348 0.14347826086956522 0.1565217391304348 0.21014492753623187
0 0.7010869565217391 0.4528985507246377 0.09021739130434783 0.12173913043478261
0 0.29456521739130437 0.9188405797101449 0.1565217391304348 0.16231884057971013
0 0.02010869565217391 0.7463768115942029 0.04021739130434782 0.0782608695652174
0 0.8809782608695652 0.65 0.1815217391304348 0.2217391304347826
0 0.7739130434782608 0.6224637681159421 0.14782608695652175 0.16666666666666666
0 0.6951086956521739 0.8231884057971014 0.10217391304347827 0.1318840579710145
0 0.7141304347826087 0.9666666666666667 0.14130434782608695 0.06666666666666667
0 0.5277173913043478 0.8217391304347826 0.0967391304347826 0.1565217391304348