0 0.5030549898167006 0.3294836956521739 0.09164969450101833 0.11548913043478261
0 0.34012219959266804 0.42459239130434784 0.11710794297352342 0.15625
0 0.23370672097759673 0.28328804347826086 0.13238289205702647 0.16847826086956522
0 0.09521384928716904 0.374320652173913 0.09063136456211812 0.11005434782608696
0 0.2576374745417515 0.13043478260869565 0.11303462321792261 0.14266304347826086
0 0.6145621181262729 0.41372282608695654 0.029531568228105907 0.14266304347826086
0 0.6369653767820774 0.27921195652173914 0.06822810590631365 0.09103260869565218
0 0.7342158859470469 0.08627717391304347 0.1629327902240326 0.17255434782608695
0 0.8075356415478615 0.04483695652173913 0.0814663951120163 0.08967391304347826
0 0.6293279022403259 0.06046195652173913 0.059063136456211814 0.12092391304347826
0 0.42668024439918534 0.907608695652174 0.09470468431771895 0.12228260869565218
0 0.17820773930753564 0.8634510869565217 0.1670061099796334 0.23505434782608695
0 0.09623217922606925 0.6759510869565217 0.10081466395112017 0.12907608695652173
0 0.21690427698574338 0.5822010869565217 0.09775967413441955 0.04483695652173913
0 0.32790224032586557 0.6148097826086957 0.11812627291242363 0.11005434782608696
0 0.5274949083503055 0.5944293478260869 0.1446028513238289 0.06929347826086957
0 0.9882892057026477 0.78125 0.023421588594704685 0.12228260869565218
0 0.9714867617107943 0.936141304347826 0.05702647657841141 0.10869565217391304
0 0.8243380855397149 0.9239130434782609 0.0845213849287169 0.11548913043478261
0 0.7759674134419552 0.7370923913043478 0.1670061099796334 0.23505434782608695
0 0.6939918533604889 0.5869565217391305 0.10081466395112017 0.05434782608695652