0 0.29107505070993916 0.08716216216216216 0.0821501014198783 0.12027027027027028
0 0.1815415821501014 0.25472972972972974 0.06592292089249494 0.0891891891891892
0 0.4411764705882353 0.3662162162162162 0.10344827586206896 0.0945945945945946
0 0.6029411764705882 0.029054054054054056 0.06997971602434078 0.05810810810810811
0 0.37677484787018256 0.26756756756756755 0.0922920892494929 0.0945945945945946
0 0.2697768762677485 0.629054054054054 0.11460446247464504 0.12702702702702703
0 0.20081135902636918 0.8418918918918918 0.14908722109533468 0.28243243243243243
0 0.04462474645030426 0.870945945945946 0.08924949290060852 0.19054054054054054
0 0.5020283975659229 0.6432432432432432 0.09837728194726167 0.12702702702702703
0 0.6318458417849898 0.5614864864864865 0.016227180527383367 0.11486486486486487
0 0.29969574036511154 0.5141891891891892 0.0537525354969574 0.07162162162162163
0 0.7028397565922921 0.5054054054054054 0.1257606490872211 0.05405405405405406
0 0.672920892494929 0.6263513513513513 0.06592292089249494 0.12567567567567567
0 0.8189655172413793 0.7898648648648648 0.1724137931034483 0.1810810810810811
0 0.7672413793103449 0.9317567567567567 0.14300202839756593 0.13648648648648648
0 0.8569979716024341 0.9060810810810811 0.14807302231237324 0.18783783783783783