0 0.18044354838709678 0.17338709677419356 0.09778225806451613 0.11693548387096774
0 0.22026209677419356 0.375 0.08770161290322581 0.125
0 0.2817540322580645 0.06989247311827956 0.08064516129032258 0.09811827956989247
0 0.5609879032258065 0.4206989247311828 0.059475806451612906 0.08602150537634409
0 0.9712701612903226 0.41935483870967744 0.057459677419354836 0.10215053763440861
0 0.8976814516129032 0.08870967741935484 0.10887096774193548 0.14516129032258066
0 0.6824596774193549 0.04973118279569892 0.07661290322580645 0.09946236559139784
0 0.3009072580645161 0.9630376344086021 0.059475806451612906 0.0739247311827957
0 0.42288306451612906 0.5880376344086021 0.07661290322580645 0.12096774193548387
0 0.1774193548387097 0.625 0.13205645161290322 0.20430107526881722
0 0.5549395161290323 0.7943548387096774 0.059475806451612906 0.0793010752688172
0 0.5700604838709677 0.6263440860215054 0.06653225806451613 0.0967741935483871
0 0.7933467741935484 0.6068548387096774 0.059475806451612906 0.09811827956989247
0 0.7983870967741935 0.7426075268817204 0.10080645161290322 0.12903225806451613