0 0.06263498920086392 0.0446685878962536 0.12526997840172785 0.0893371757925072
0 0.2570194384449244 0.07997118155619597 0.09719222462203024 0.1340057636887608
0 0.29265658747300216 0.28530259365994237 0.13606911447084233 0.1873198847262248
0 0.408207343412527 0.07348703170028818 0.08207343412526998 0.14697406340057637
0 0.42062634989200864 0.32060518731988474 0.05723542116630669 0.11671469740634005
0 0.656047516198704 0.020172910662824207 0.2084233261339093 0.040345821325648415
0 0.9157667386609071 0.164985590778098 0.11447084233261338 0.15273775216138327
0 0.021058315334773217 0.9265129682997119 0.042116630669546434 0.14697406340057637
0 0.2591792656587473 0.8314121037463977 0.13606911447084233 0.1844380403458213
0 0.4087473002159827 0.9517291066282421 0.08099352051835854 0.09654178674351585
0 0.4244060475161987 0.8422190201729106 0.04967602591792657 0.1282420749279539
0 0.6447084233261339 0.515850144092219 0.10907127429805616 0.1484149855907781