0 0.03662109375 0.12109375 0.0732421875 0.19010416666666666
0 0.0888671875 0.115234375 0.0986328125 0.12630208333333334
0 0.29296875 0.4752604166666667 0.091796875 0.109375
0 0.3251953125 0.25390625 0.044921875 0.09114583333333333
0 0.7001953125 0.4231770833333333 0.076171875 0.13932291666666666
0 0.82666015625 0.3001302083333333 0.1337890625 0.20833333333333334
0 0.91064453125 0.279296875 0.107421875 0.13802083333333334
0 0.43505859375 0.24544270833333334 0.064453125 0.09375
0 0.50439453125 0.017578125 0.1162109375 0.03515625
0 0.54736328125 0.046875 0.0986328125 0.09375
0 0.6845703125 0.039713541666666664 0.1328125 0.07942708333333333
0 0.77490234375 0.13541666666666666 0.1025390625 0.10546875
0 0.63427734375 0.490234375 0.0751953125 0.07942708333333333
0 0.1689453125 0.765625 0.0634765625 0.08463541666666667
0 0.16015625 0.6022135416666666 0.072265625 0.10286458333333333
0 0.3583984375 0.5546875 0.04296875 0.049479166666666664
0 0.359375 0.6569010416666666 0.041015625 0.13932291666666666
0 0.4775390625 0.9817708333333334 0.06640625 0.036458333333333336
0 0.8583984375 0.94140625 0.083984375 0.1171875
0 0.4580078125 0.5638020833333334 0.076171875 0.06770833333333333
0 0.52978515625 0.6907552083333334 0.0791015625 0.11458333333333333
0 0.7470703125 0.6484375 0.1181640625 0.15494791666666666