0 0.23858695652173914 0.03333333333333333 0.08586956521739131 0.06666666666666667
0 0.32554347826086955 0.24420289855072463 0.18478260869565216 0.25072463768115943
0 0.4032608695652174 0.2833333333333333 0.10326086956521739 0.13768115942028986
0 0.0391304347826087 0.4608695652173913 0.0782608695652174 0.10434782608695652
0 0.07554347826086956 0.3681159420289855 0.15108695652173912 0.2
0 0.18369565217391304 0.2768115942028985 0.13260869565217392 0.16521739130434782
0 0.9641304347826087 0.02826086956521739 0.07173913043478261 0.05652173913043478
0 0.9489130434782609 0.43478260869565216 0.10217391304347827 0.2927536231884058
0 0.6054347826086957 0.38333333333333336 0.1 0.13043478260869565
0 0.5907608695652173 0.3282608695652174 0.08043478260869565 0.11594202898550725
0 0.9021739130434783 0.2702898550724638 0.10869565217391304 0.15942028985507245
0 0.7722826086956521 0.03188405797101449 0.10108695652173913 0.06376811594202898
0 0.29945652173913045 0.6463768115942029 0.09021739130434783 0.11304347826086956
0 0.021739130434782608 0.813768115942029 0.043478260869565216 0.2246376811594203
0 0.034782608695652174 0.9391304347826087 0.06956521739130435 0.12173913043478261
0 0.2483695652173913 0.9326086956521739 0.10543478260869565 0.13478260869565217
0 0.753804347826087 0.941304347826087 0.12934782608695652 0.11739130434782609
0 0.5836956521739131 0.8615942028985507 0.11847826086956521 0.15797101449275364