0 0.1943207126948775 0.22916666666666666 0.18374164810690424 0.22172619047619047
0 0.11247216035634744 0.2767857142857143 0.22494432071269488 0.2619047619047619
0 0.02338530066815145 0.3913690476190476 0.0467706013363029 0.09523809523809523
0 0.3685968819599109 0.37202380952380953 0.08240534521158129 0.13392857142857142
0 0.4526726057906459 0.27455357142857145 0.08574610244988864 0.15922619047619047
0 0.4376391982182628 0.060267857142857144 0.0556792873051225 0.12053571428571429
0 0.6792873051224945 0.1056547619047619 0.12694877505567928 0.15327380952380953
0 0.8234966592427617 0.05654761904761905 0.21492204899777284 0.1130952380952381
0 0.9782850779510023 0.3005952380952381 0.043429844097995544 0.22321428571428573
0 0.9615812917594655 0.10491071428571429 0.07683741648106904 0.16815476190476192
0 0.03229398663697105 0.8809523809523809 0.0645879732739421 0.18154761904761904
0 0.1252783964365256 0.8757440476190477 0.09465478841870824 0.1324404761904762
0 0.10523385300668152 0.7321428571428571 0.2071269487750557 0.2663690476190476
0 0.11469933184855234 0.5528273809523809 0.21603563474387527 0.22767857142857142
0 0.37193763919821826 0.8846726190476191 0.0757238307349666 0.17708333333333334
0 0.4209354120267261 0.6495535714285714 0.022271714922048998 0.13839285714285715
0 0.44097995545657015 0.5305059523809523 0.062360801781737196 0.18303571428571427
0 0.6425389755011136 0.6592261904761905 0.13140311804008908 0.17410714285714285
0 0.7639198218262806 0.8422619047619048 0.12694877505567928 0.17410714285714285
0 0.8986636971046771 0.7663690476190477 0.10690423162583519 0.14136904761904762