0 0.049723756906077346 0.3828413284132841 0.09944751381215469 0.21955719557195572
0 0.15538674033149172 0.16236162361623616 0.11049723756906077 0.14206642066420663
0 0.7424033149171271 0.6171586715867159 0.106353591160221 0.10516605166051661
0 0.7866022099447514 0.10055350553505535 0.1408839779005525 0.1881918819188192
0 0.6470994475138122 0.05904059040590406 0.14502762430939226 0.11808118081180811
0 0.7120165745856354 0.253690036900369 0.18646408839779005 0.24907749077490776
0 0.10220994475138122 0.7490774907749077 0.1574585635359116 0.15867158671586715
0 0.8542817679558011 0.9215867158671587 0.14226519337016574 0.15682656826568267
0 0.8660220994475138 0.6992619926199262 0.13535911602209943 0.05904059040590406
0 0.7575966850828729 0.7223247232472325 0.12292817679558012 0.10516605166051661
0 0.3473756906077348 0.8173431734317343 0.05662983425414365 0.2730627306273063