0 0.11068702290076336 0.23129251700680273 0.09669211195928754 0.1360544217687075
0 0.2970737913486005 0.24149659863945577 0.16412213740458015 0.11564625850340136
0 0.4128498727735369 0.26700680272108845 0.15394402035623408 0.06462585034013606
0 0.02480916030534351 0.18027210884353742 0.04961832061068702 0.12585034013605442
0 0.9643765903307888 0.045068027210884355 0.07124681933842239 0.09013605442176871
0 0.7417302798982188 0.09438775510204081 0.10941475826972011 0.16666666666666666
0 0.6774809160305344 0.26445578231292516 0.09287531806615776 0.06972789115646258
0 0.052798982188295165 0.8435374149659864 0.08524173027989822 0.13435374149659865
0 0.056615776081424936 0.6709183673469388 0.11323155216284987 0.18197278911564627
0 0.3575063613231552 0.8937074829931972 0.138676844783715 0.1683673469387755
0 0.5642493638676844 0.3656462585034014 0.09033078880407125 0.1326530612244898
0 0.6125954198473282 0.9710884353741497 0.11577608142493638 0.05782312925170068
0 0.7989821882951654 0.9421768707482994 0.16030534351145037 0.11564625850340136
0 0.8301526717557252 0.7465986394557823 0.12595419847328243 0.15306122448979592
0 0.955470737913486 0.6164965986394558 0.089058524173028 0.1921768707482993