0 0.05141129032258065 0.5685483870967742 0.10080645161290322 0.021505376344086023
0 0.023689516129032258 0.508736559139785 0.047379032258064516 0.1303763440860215
0 0.030745967741935484 0.31518817204301075 0.06149193548387097 0.11693548387096774
0 0.14969758064516128 0.23454301075268819 0.11895161290322581 0.14650537634408603
0 0.5327620967741935 0.23521505376344087 0.11189516129032258 0.1827956989247312
0 0.7570564516129032 0.38776881720430106 0.08669354838709678 0.11290322580645161
0 0.4107862903225806 0.5638440860215054 0.06350806451612903 0.030913978494623656
0 0.4899193548387097 0.5389784946236559 0.09475806451612903 0.08064516129032258
0 0.8805443548387096 0.5544354838709677 0.07560483870967742 0.04973118279569892
0 0.7832661290322581 0.8165322580645161 0.09576612903225806 0.25806451612903225
0 0.8780241935483871 0.8702956989247311 0.10483870967741936 0.16532258064516128
0 0.6456653225806451 0.7681451612903226 0.06955645161290322 0.13306451612903225
0 0.4264112903225806 0.6727150537634409 0.08064516129032258 0.09946236559139784