0 0.14247881355932204 0.6518361581920904 0.07944915254237288 0.05508474576271186
0 0.3273305084745763 0.4668079096045198 0.0858050847457627 0.15112994350282485
0 0.4539194915254237 0.3411016949152542 0.1461864406779661 0.2895480225988701
0 0.5386652542372882 0.2605932203389831 0.13241525423728814 0.16666666666666666
0 0.07203389830508475 0.2549435028248588 0.07733050847457627 0.12429378531073447
0 0.11440677966101695 0.021892655367231638 0.1228813559322034 0.043785310734463276
0 0.1684322033898305 0.020480225988700564 0.06779661016949153 0.04096045197740113
0 0.3241525423728814 0.015536723163841809 0.1419491525423729 0.031073446327683617
0 0.4401483050847458 0.0769774011299435 0.11228813559322035 0.1115819209039548
0 0.6959745762711864 0.5572033898305084 0.09322033898305085 0.1370056497175141
0 0.7235169491525424 0.4103107344632768 0.09533898305084745 0.12146892655367232
0 0.8199152542372882 0.5141242937853108 0.16101694915254236 0.22033898305084745
0 0.815677966101695 0.067090395480226 0.1059322033898305 0.134180790960452
0 0.933792372881356 0.5536723163841808 0.13241525423728814 0.192090395480226
0 0.326271186440678 0.8926553672316384 0.0858050847457627 0.15112994350282485
0 0.4533898305084746 0.778954802259887 0.1440677966101695 0.19915254237288135
0 0.5439618644067796 0.740819209039548 0.13241525423728814 0.1228813559322034
0 0.05508474576271186 0.7288135593220338 0.05296610169491525 0.09887005649717515
0 0.2595338983050847 0.9661016949152542 0.0847457627118644 0.06779661016949153
0 0.986228813559322 0.8905367231638418 0.02754237288135593 0.12570621468926554
0 0.683792372881356 0.9533898305084746 0.06885593220338983 0.09322033898305085
0 0.6848516949152542 0.7344632768361582 0.07097457627118645 0.11016949152542373