0 0.40372983870967744 0.47647849462365593 0.19455645161290322 0.2217741935483871
0 0.4128024193548387 0.3393817204301075 0.1461693548387097 0.1868279569892473
0 0.2590725806451613 0.239247311827957 0.09475806451612903 0.13306451612903225
0 0.0907258064516129 0.6774193548387096 0.08669354838709678 0.06451612903225806
0 0.3714717741935484 0.6512096774193549 0.10987903225806452 0.11693548387096774
0 0.020161290322580645 0.4778225806451613 0.04032258064516129 0.1814516129032258
0 0.1123991935483871 0.2560483870967742 0.12600806451612903 0.17876344086021506
0 0.22227822580645162 0.046370967741935484 0.17237903225806453 0.09274193548387097
0 0.04284274193548387 0.08736559139784947 0.08568548387096774 0.13709677419354838
0 0.9294354838709677 0.5981182795698925 0.14112903225806453 0.22311827956989247
0 0.5241935483870968 0.6485215053763441 0.03024193548387097 0.10618279569892473
0 0.5332661290322581 0.28024193548387094 0.04838709677419355 0.11693548387096774
0 0.6003024193548387 0.3487903225806452 0.13306451612903225 0.17876344086021506
0 0.5902217741935484 0.02956989247311828 0.12600806451612903 0.05913978494623656
0 0.03528225806451613 0.9489247311827957 0.07056451612903226 0.10215053763440861
0 0.6355846774193549 0.8608870967741935 0.12298387096774194 0.1693548387096774
0 0.5403225806451613 0.9704301075268817 0.0625 0.05913978494623656