0 0.4747854077253219 0.10315186246418338 0.12875536480686695 0.17621776504297995
0 0.1582618025751073 0.27292263610315187 0.1888412017167382 0.3037249283667622
0 0.06598712446351931 0.27650429799426934 0.13197424892703863 0.2177650429799427
0 0.3031115879828326 0.32879656160458454 0.11158798283261803 0.16045845272206305
0 0.5278969957081545 0.38825214899713467 0.08369098712446352 0.14040114613180515
0 0.8905579399141631 0.4899713467048711 0.15343347639484978 0.20057306590257878
0 0.5332618025751072 0.7106017191977078 0.07296137339055794 0.16332378223495703
0 0.34763948497854075 0.9613180515759312 0.16738197424892703 0.07736389684813753
0 0.23015021459227467 0.9742120343839542 0.10836909871244635 0.05157593123209169
0 0.11266094420600858 0.9369627507163324 0.10515021459227468 0.12607449856733524
0 0.15343347639484978 0.7320916905444126 0.10407725321888411 0.14326647564469913
0 0.9881974248927039 0.7600286532951289 0.023605150214592276 0.17335243553008595
0 0.8159871244635193 0.6518624641833811 0.0890557939914163 0.045845272206303724
0 0.8272532188841202 0.9885386819484241 0.16738197424892703 0.022922636103151862
0 0.6072961373390557 0.9641833810888252 0.07510729613733906 0.07163323782234957
0 0.6330472103004292 0.7865329512893983 0.10407725321888411 0.14326647564469913