0 0.14130434782608695 0.3285060975609756 0.10411899313501144 0.1173780487804878
0 0.14244851258581237 0.1013719512195122 0.26887871853546913 0.2027439024390244
0 0.18935926773455378 0.041158536585365856 0.18649885583524028 0.08231707317073171
0 0.4387871853546911 0.46189024390243905 0.09038901601830664 0.054878048780487805
0 0.5348970251716247 0.053353658536585365 0.06979405034324943 0.10670731707317073
0 0.9422196796338673 0.42378048780487804 0.11556064073226545 0.13109756097560976
0 0.4096109839816934 0.5358231707317073 0.10983981693363844 0.09298780487804878
0 0.02517162471395881 0.5846036585365854 0.05034324942791762 0.11432926829268293
0 0.7562929061784897 0.9115853658536586 0.19679633867276888 0.17682926829268292
0 0.6161327231121282 0.7469512195121951 0.09267734553775744 0.1402439024390244
0 0.7276887871853547 0.7339939024390244 0.14645308924485126 0.1875
0 0.9645308924485125 0.7987804878048781 0.07093821510297482 0.10670731707317073