0 0.04606625258799172 0.34599447513812154 0.09213250517598344 0.04558011049723757
0 0.25 0.0738950276243094 0.2267080745341615 0.1477900552486188
0 0.2427536231884058 0.2569060773480663 0.10973084886128365 0.11740331491712708
0 0.6759834368530021 0.22306629834254144 0.08281573498964803 0.11602209944751381
0 0.6221532091097308 0.3494475138121547 0.07660455486542443 0.03867403314917127
0 0.989648033126294 0.15883977900552487 0.020703933747412008 0.11878453038674033
0 0.9166666666666666 0.09046961325966851 0.10559006211180125 0.14502762430939226
0 0.09265010351966874 0.8252762430939227 0.18530020703933747 0.2223756906077348
0 0.040372670807453416 0.68646408839779 0.08074534161490683 0.21823204419889503
0 0.09057971014492754 0.6719613259668509 0.18012422360248448 0.27071823204419887
0 0.34368530020703936 0.5697513812154696 0.08281573498964803 0.11602209944751381
0 0.29037267080745344 0.7223756906077348 0.07660455486542443 0.09116022099447514
0 0.40993788819875776 0.863950276243094 0.07971014492753623 0.10220994475138122
0 0.7510351966873706 0.8943370165745856 0.11490683229813664 0.11878453038674033
0 0.7862318840579711 0.6781767955801105 0.17494824016563146 0.2058011049723757
0 0.7650103519668737 0.5600828729281768 0.11801242236024845 0.16298342541436464
0 0.5377846790890269 0.3825966850828729 0.13561076604554864 0.027624309392265192
0 0.9280538302277432 0.6733425414364641 0.09316770186335403 0.15193370165745856
0 0.7137681159420289 0.9799723756906077 0.10455486542443064 0.04005524861878453