0 0.1876267748478702 0.07837837837837838 0.13995943204868155 0.15675675675675677
0 0.05070993914807302 0.04256756756756757 0.10141987829614604 0.08513513513513514
0 0.4934077079107505 0.2222972972972973 0.02738336713995943 0.17432432432432432
0 0.5730223123732252 0.2304054054054054 0.13793103448275862 0.1581081081081081
0 0.7342799188640974 0.2993243243243243 0.07707910750507099 0.02027027027027027
0 0.7013184584178499 0.22094594594594594 0.12170385395537525 0.16891891891891891
0 0.5674442190669371 0.018243243243243244 0.06997971602434078 0.03648648648648649
0 0.050202839756592295 0.8871621621621621 0.10040567951318459 0.13378378378378378
0 0.2033468559837728 0.7635135135135135 0.10446247464503043 0.15405405405405406
0 0.3686612576064909 0.822972972972973 0.22210953346855983 0.24324324324324326
0 0.18002028397565922 0.475 0.10649087221095335 0.1445945945945946
0 0.6298174442190669 0.9722972972972973 0.09939148073022312 0.05540540540540541
0 0.8169371196754563 0.7716216216216216 0.0821501014198783 0.1445945945945946
0 0.9350912778904665 0.6412162162162162 0.12981744421906694 0.23378378378378378
0 0.9807302231237323 0.6054054054054054 0.038539553752535496 0.15945945945945947
0 0.5410750507099391 0.6108108108108108 0.08417849898580122 0.12027027027027028
0 0.5993914807302231 0.35 0.1257606490872211 0.08108108108108109
0 0.6480730223123732 0.3777027027027027 0.10040567951318459 0.12567567567567567
0 0.7925963488843814 0.3621621621621622 0.140973630831643 0.10540540540540541
0 0.8924949290060852 0.4574324324324324 0.10953346855983773 0.11486486486486487
0 0.7530425963488844 0.8722972972972973 0.08113590263691683 0.12702702702702703