0 0.02398720682302772 0.18447293447293447 0.04797441364605544 0.28062678062678065
0 0.3251599147121535 0.3297720797720798 0.10767590618336886 0.14245014245014245
0 0.3230277185501066 0.39173789173789175 0.08848614072494669 0.11965811965811966
0 0.03891257995735608 0.3717948717948718 0.07782515991471216 0.1623931623931624
0 0.11833688699360341 0.6452991452991453 0.1044776119402985 0.08831908831908832
0 0.3773987206823028 0.07407407407407407 0.10980810234541578 0.13817663817663817
0 0.3326226012793177 0.030626780626780627 0.06396588486140725 0.06125356125356125
0 0.773454157782516 0.6702279202279202 0.10341151385927505 0.038461538461538464
0 0.7361407249466951 0.6153846153846154 0.09381663113006397 0.1267806267806268
0 0.7318763326226013 0.5299145299145299 0.09594882729211088 0.13105413105413105
0 0.6183368869936035 0.13034188034188035 0.17270788912579957 0.23076923076923078
0 0.759594882729211 0.146011396011396 0.12473347547974413 0.16381766381766383
0 0.9744136460554371 0.2037037037037037 0.0511727078891258 0.17094017094017094
0 0.8853944562899787 0.08190883190883191 0.15671641791044777 0.16381766381766383
0 0.6124733475479744 0.9608262108262108 0.2547974413646055 0.07834757834757834
0 0.5207889125799574 0.7678062678062678 0.13752665245202558 0.15669515669515668
0 0.92590618336887 0.8675213675213675 0.13432835820895522 0.1794871794871795