0 0.505863539445629 0.24287749287749288 0.09701492537313433 0.13247863247863248
0 0.3363539445628998 0.20512820512820512 0.1673773987206823 0.20797720797720798
0 0.24733475479744135 0.24358974358974358 0.1300639658848614 0.13105413105413105
0 0.3224946695095949 0.049145299145299144 0.12046908315565032 0.09829059829059829
0 0.9589552238805971 0.24287749287749288 0.08208955223880597 0.13247863247863248
0 0.9040511727078892 0.27492877492877493 0.1023454157782516 0.06837606837606838
0 0.7771855010660981 0.07336182336182336 0.08208955223880597 0.12393162393162394
0 0.35181236673773986 0.5334757834757835 0.1396588486140725 0.21225071225071226
0 0.5405117270788913 0.36396011396011396 0.03837953091684435 0.10968660968660969
0 0.09541577825159915 0.4408831908831909 0.10341151385927505 0.13675213675213677
0 0.9701492537313433 0.6274928774928775 0.05970149253731343 0.11253561253561253
0 0.9205756929637526 0.7229344729344729 0.14285714285714285 0.21794871794871795
0 0.8070362473347548 0.8817663817663818 0.2302771855010661 0.23646723646723647
0 0.5751599147121536 0.8247863247863247 0.03091684434968017 0.16809116809116809
0 0.8081023454157783 0.41381766381766383 0.11513859275053305 0.15669515669515668