0 0.31564551422319476 0.489067055393586 0.0886214442013129 0.12099125364431487
0 0.24562363238512036 0.3870262390670554 0.09190371991247265 0.13702623906705538
0 0.12089715536105033 0.22157434402332363 0.16849015317286653 0.239067055393586
0 0.047045951859956234 0.1902332361516035 0.09409190371991247 0.1588921282798834
0 0.43599562363238514 0.04227405247813411 0.047045951859956234 0.08454810495626822
0 0.31400437636761486 0.01967930029154519 0.1487964989059081 0.03935860058309038
0 0.21170678336980306 0.08090379008746355 0.12691466083150985 0.13994169096209913
0 0.74945295404814 0.5196793002915452 0.08315098468271334 0.0597667638483965
0 0.5300875273522976 0.2303206997084548 0.14113785557986872 0.20116618075801748
0 0.675054704595186 0.19825072886297376 0.11816192560175055 0.14285714285714285
0 0.9239606126914661 0.10131195335276968 0.1301969365426696 0.141399416909621
0 0.7527352297592997 0.0619533527696793 0.15317286652078774 0.1239067055393586
0 0.37199124726477023 0.7944606413994169 0.11487964989059081 0.15306122448979592
0 0.4272428884026258 0.6224489795918368 0.06455142231947483 0.1457725947521866
0 0.7182713347921226 0.9198250728862973 0.09409190371991247 0.15014577259475217
0 0.5924507658643327 0.7558309037900874 0.1673960612691466 0.25072886297376096
0 0.512582056892779 0.7230320699708455 0.1061269146608315 0.16909620991253643
0 0.9354485776805251 0.5809037900874635 0.11597374179431072 0.06268221574344024
0 0.6723194748358862 0.6064139941690962 0.12144420131291028 0.11370262390670553
0 0.7784463894967177 0.9825072886297376 0.09518599562363239 0.03498542274052478