0 0.3895739910313901 0.30763473053892215 0.11995515695067265 0.1721556886227545
0 0.27914798206278024 0.2559880239520958 0.11771300448430494 0.15718562874251496
0 0.3312780269058296 0.437125748502994 0.15134529147982062 0.20209580838323354
0 0.02466367713004484 0.1624251497005988 0.04932735426008968 0.1781437125748503
0 0.30213004484304934 0.06736526946107785 0.07623318385650224 0.10329341317365269
0 0.24719730941704035 0.5404191616766467 0.1289237668161435 0.05688622754491018
0 0.8430493273542601 0.37350299401197606 0.0952914798206278 0.12724550898203593
0 0.5610986547085202 0.05389221556886228 0.1109865470852018 0.10778443113772455
0 0.6311659192825112 0.24176646706586827 0.11210762331838565 0.15119760479041916
0 0.4859865470852018 0.4588323353293413 0.07286995515695067 0.22005988023952097
0 0.38845291479820626 0.9221556886227545 0.12219730941704036 0.15568862275449102
0 0.2163677130044843 0.7350299401197605 0.14237668161434977 0.19011976047904192
0 0.8071748878923767 0.719311377245509 0.0952914798206278 0.12724550898203593
0 0.5952914798206278 0.6160179640718563 0.11210762331838565 0.09431137724550898
0 0.4680493273542601 0.8091317365269461 0.03699551569506727 0.22904191616766467