0 0.06556503198294243 0.11609686609686609 0.13113006396588486 0.18091168091168092
0 0.5607675906183369 0.2678062678062678 0.017057569296375266 0.07977207977207977
0 0.6130063965884861 0.045584045584045586 0.08742004264392324 0.09116809116809117
0 0.662046908315565 0.1858974358974359 0.1535181236673774 0.20512820512820512
0 0.06023454157782516 0.9109686609686609 0.10980810234541578 0.1452991452991453
0 0.050106609808102345 0.6816239316239316 0.10021321961620469 0.14102564102564102
0 0.13272921108742003 0.7215099715099715 0.09488272921108742 0.1267806267806268
0 0.19616204690831557 0.7094017094017094 0.09701492537313433 0.13105413105413105
0 0.4984008528784648 0.7998575498575499 0.1417910447761194 0.2264957264957265
0 0.4562899786780384 0.613960113960114 0.12473347547974413 0.16524216524216523
0 0.503731343283582 0.4686609686609687 0.13113006396588486 0.15954415954415954
0 0.5884861407249466 0.4843304843304843 0.03837953091684435 0.11396011396011396
0 0.662046908315565 0.40883190883190884 0.10021321961620469 0.039886039886039885
0 0.8539445628997868 0.5491452991452992 0.09594882729211088 0.12962962962962962
0 0.7883795309168443 0.6638176638176638 0.14285714285714285 0.1908831908831909