0 0.06265060240963856 0.25 0.12530120481927712 0.04340836012861737
0 0.5403614457831325 0.17041800643086816 0.10963855421686747 0.1495176848874598
0 0.9403614457831325 0.14469453376205788 0.11927710843373494 0.28938906752411575
0 0.3813253012048193 0.39389067524115756 0.10361445783132531 0.15755627009646303
0 0.21987951807228914 0.40353697749196143 0.10120481927710843 0.11093247588424437
0 0.12530120481927712 0.7668810289389068 0.11927710843373494 0.17363344051446947
0 0.04096385542168675 0.3360128617363344 0.0819277108433735 0.0932475884244373
0 0.7204819277108434 0.3271704180064309 0.0963855421686747 0.07556270096463022
0 0.6867469879518072 0.49356913183279744 0.0891566265060241 0.12861736334405144
0 0.8518072289156626 0.5988745980707395 0.09879518072289156 0.1189710610932476
0 0.8072289156626506 0.9308681672025724 0.13734939759036144 0.1382636655948553