0 0.5163502109704642 0.09480337078651685 0.10654008438818566 0.175561797752809
0 0.475210970464135 0.36446629213483145 0.08966244725738397 0.04915730337078652
0 0.13132911392405064 0.04985955056179775 0.1930379746835443 0.0997191011235955
0 0.20727848101265822 0.07724719101123595 0.2478902953586498 0.1544943820224719
0 0.31276371308016876 0.19101123595505617 0.10759493670886076 0.1306179775280899
0 0.34229957805907174 0.3047752808988764 0.07383966244725738 0.09691011235955056
0 0.9831223628691983 0.14325842696629212 0.03375527426160337 0.22191011235955055
0 0.9008438818565401 0.3398876404494382 0.18354430379746836 0.09831460674157304
0 0.8960970464135021 0.22191011235955055 0.1729957805907173 0.26264044943820225
0 0.6223628691983122 0.025280898876404494 0.10126582278481013 0.05056179775280899
0 0.5210970464135021 0.9129213483146067 0.0970464135021097 0.17415730337078653
0 0.5110759493670886 0.7429775280898876 0.11708860759493671 0.22752808988764045
0 0.5437763713080169 0.49297752808988765 0.05168776371308017 0.14606741573033707
0 0.4831223628691983 0.5814606741573034 0.14767932489451477 0.19241573033707865
0 0.3401898734177215 0.8195224719101124 0.08544303797468354 0.10955056179775281
0 0.037447257383966245 0.8567415730337079 0.07489451476793249 0.14606741573033707
0 0.8517932489451476 0.425561797752809 0.19936708860759494 0.07303370786516854
0 0.8090717299578059 0.9824438202247191 0.09915611814345991 0.0351123595505618
0 0.8570675105485233 0.8834269662921348 0.11814345991561181 0.1601123595505618
0 0.8190928270042194 0.5948033707865169 0.16139240506329114 0.21067415730337077
0 0.6540084388185654 0.5596910112359551 0.08649789029535865 0.11657303370786516
0 0.6023206751054853 0.9206460674157303 0.06540084388185655 0.1306179775280899