0 0.40469061876247503 0.28523936170212766 0.10878243512974052 0.2726063829787234
0 0.4406187624750499 0.3849734042553192 0.036926147704590816 0.16356382978723405
0 0.39870259481037923 0.5651595744680851 0.09880239520958084 0.10904255319148937
0 0.05439121756487026 0.33444148936170215 0.09181636726546906 0.11702127659574468
0 0.03992015968063872 0.27992021276595747 0.07085828343313373 0.10372340425531915
0 0.3083832335329341 0.15492021276595744 0.08982035928143713 0.14627659574468085
0 0.0688622754491018 0.5757978723404256 0.11976047904191617 0.08776595744680851
0 0.2744510978043912 0.6037234042553191 0.13572854291417166 0.031914893617021274
0 0.12724550898203593 0.5964095744680851 0.05888223552894212 0.04654255319148936
0 0.6167664670658682 0.025930851063829786 0.13572854291417166 0.05186170212765957
0 0.8248502994011976 0.10106382978723404 0.10878243512974052 0.13430851063829788
0 0.8028942115768463 0.27726063829787234 0.08183632734530938 0.12367021276595745
0 0.5633732534930139 0.2300531914893617 0.17165668662674652 0.18351063829787234
0 0.9730538922155688 0.4408244680851064 0.05389221556886228 0.1529255319148936
0 0.5084830339321357 0.3650265957446808 0.09880239520958084 0.20345744680851063
0 0.6087824351297405 0.4315159574468085 0.10479041916167664 0.13962765957446807
0 0.7130738522954092 0.4654255319148936 0.1027944111776447 0.13430851063829788
0 0.937624750499002 0.6143617021276596 0.08882235528942116 0.010638297872340425
0 0.5469061876247505 0.6582446808510638 0.14770459081836326 0.07712765957446809
0 0.6696606786427146 0.6748670212765957 0.1277445109780439 0.11037234042553191
0 0.5209580838323353 0.851063829787234 0.07285429141716566 0.1023936170212766
0 0.967564870259481 0.668218085106383 0.06487025948103792 0.09707446808510638