0 0.05334190231362468 0.0410958904109589 0.10668380462724936 0.0821917808219178
0 0.12339331619537275 0.4032534246575342 0.15424164524421594 0.0702054794520548
0 0.5449871465295629 0.038527397260273974 0.05141388174807198 0.07705479452054795
0 0.8123393316195373 0.4152397260273973 0.12339331619537275 0.046232876712328765
0 0.7834190231362468 0.25 0.13110539845758354 0.1780821917808219
0 0.9633676092544987 0.07705479452054795 0.07326478149100257 0.1541095890410959
0 0.33547557840616965 0.502568493150685 0.2133676092544987 0.1284246575342466
0 0.44280205655526994 0.476027397260274 0.15295629820051415 0.07534246575342465
0 0.11439588688946016 0.928082191780822 0.11053984575835475 0.14383561643835616
0 0.07519280205655526 0.916095890410959 0.07583547557840617 0.11986301369863013
0 0.15552699228791775 0.488013698630137 0.12853470437017994 0.09931506849315068
0 0.4884318766066838 0.8955479452054794 0.061696658097686374 0.2089041095890411
0 0.5764781491002571 0.4751712328767123 0.11439588688946016 0.07363013698630137
0 0.5501285347043702 0.8313356164383562 0.061696658097686374 0.2996575342465753
0 0.5874035989717223 0.988013698630137 0.12853470437017994 0.023972602739726026
0 0.769280205655527 0.9340753424657534 0.12467866323907455 0.13184931506849315
0 0.7872750642673522 0.7559931506849316 0.15167095115681234 0.20034246575342465
0 0.929305912596401 0.5273972602739726 0.14138817480719795 0.1780821917808219