0 0.09223300970873786 0.32605177993527507 0.10194174757281553 0.08576051779935275
0 0.12075242718446602 0.2605177993527508 0.11407766990291263 0.16990291262135923
0 0.17900485436893204 0.1011326860841424 0.09344660194174757 0.1262135922330097
0 0.4672330097087379 0.07686084142394822 0.09466019417475728 0.15372168284789645
0 0.9684466019417476 0.08171521035598706 0.06310679611650485 0.1634304207119741
0 0.4429611650485437 0.20792880258899676 0.04611650485436893 0.16666666666666666
0 0.05218446601941747 0.8826860841423948 0.08373786407766991 0.12944983818770225
0 0.25788834951456313 0.6812297734627831 0.10315533980582524 0.14563106796116504
0 0.3282766990291262 0.8155339805825242 0.15898058252427186 0.2087378640776699
0 0.03033980582524272 0.5461165048543689 0.06067961165048544 0.14724919093851133
0 0.10922330097087378 0.47815533980582525 0.12378640776699029 0.16666666666666666
0 0.9101941747572816 0.6642394822006472 0.1796116504854369 0.24757281553398058
0 0.7445388349514563 0.68042071197411 0.1395631067961165 0.1779935275080906
0 0.47572815533980584 0.6610032362459547 0.11165048543689321 0.16990291262135923
0 0.6322815533980582 0.5396440129449838 0.17233009708737865 0.20550161812297735