0 0.05295315682281059 0.34171195652173914 0.10590631364562118 0.24592391304347827
0 0.11659877800407333 0.3736413043478261 0.1364562118126273 0.17527173913043478
0 0.048879837067209775 0.03260869565217391 0.09775967413441955 0.06521739130434782
0 0.06262729124236252 0.15285326086956522 0.11507128309572301 0.13043478260869565
0 0.4964358452138493 0.26902173913043476 0.1364562118126273 0.15625
0 0.7219959266802444 0.34171195652173914 0.11303462321792261 0.13994565217391305
0 0.7871690427698574 0.18206521739130435 0.0855397148676171 0.12771739130434784
0 0.5779022403258656 0.057744565217391304 0.1659877800407332 0.11548913043478261
0 0.9831975560081466 0.22078804347826086 0.03360488798370672 0.15896739130434784
0 0.0560081466395112 0.8885869565217391 0.10896130346232179 0.1453804347826087
0 0.22759674134419552 0.8974184782608695 0.12016293279022404 0.1766304347826087
0 0.3324847250509165 0.6188858695652174 0.11608961303462322 0.15760869565217392
0 0.43839103869653767 0.9476902173913043 0.05804480651731161 0.10461956521739131
0 0.4816700610997963 0.9721467391304348 0.1384928716904277 0.05570652173913043
0 0.6059063136456212 0.7479619565217391 0.1109979633401222 0.14945652173913043
0 0.6160896130346232 0.5380434782608695 0.1120162932790224 0.11684782608695653
0 0.7443991853360489 0.5095108695652174 0.08961303462321792 0.059782608695652176