0 0.04424778761061947 0.23820058997050148 0.048672566371681415 0.10914454277286136
0 0.11780973451327434 0.17920353982300885 0.05752212389380531 0.07227138643067847
0 0.16869469026548672 0.13126843657817108 0.06747787610619468 0.13274336283185842
0 0.2704646017699115 0.05457227138643068 0.07411504424778761 0.10914454277286136
0 0.8119469026548672 0.45132743362831856 0.08849557522123894 0.035398230088495575
0 0.8816371681415929 0.18584070796460178 0.06747787610619468 0.140117994100295
0 0.6720132743362832 0.3200589970501475 0.034292035398230086 0.10029498525073746
0 0.19469026548672566 0.9845132743362832 0.05752212389380531 0.030973451327433628
0 0.2461283185840708 0.9454277286135693 0.06747787610619468 0.10914454277286136
0 0.34845132743362833 0.8761061946902655 0.07411504424778761 0.11946902654867257
0 0.49889380530973454 0.7492625368731564 0.08185840707964602 0.1976401179941003
0 0.37555309734513276 0.48672566371681414 0.13606194690265486 0.035398230088495575
0 0.43086283185840707 0.605457227138643 0.11283185840707964 0.10766961651917405
0 0.9292035398230089 0.8097345132743363 0.08849557522123894 0.11504424778761062
0 0.5719026548672567 0.7632743362831859 0.06415929203539823 0.09882005899705015
0 0.6133849557522124 0.5287610619469026 0.07411504424778761 0.11651917404129794
0 0.8810840707964602 0.5147492625368731 0.13163716814159293 0.09144542772861357