0 0.4405339805825243 0.03478964401294499 0.10922330097087378 0.06957928802588997
0 0.3246359223300971 0.06796116504854369 0.1953883495145631 0.13592233009708737
0 0.14502427184466019 0.10275080906148867 0.2657766990291262 0.20550161812297735
0 0.04308252427184466 0.39239482200647247 0.08616504854368932 0.09223300970873786
0 0.4690533980582524 0.35760517799352753 0.14684466019417475 0.16181229773462782
0 0.8871359223300971 0.11974110032362459 0.2087378640776699 0.23948220064724918
0 0.8476941747572816 0.22006472491909385 0.1662621359223301 0.2313915857605178
0 0.9611650485436893 0.40048543689320387 0.07766990291262135 0.07605177993527508
0 0.4824029126213592 0.4830097087378641 0.12014563106796117 0.0889967637540453
0 0.4375 0.6067961165048543 0.12014563106796117 0.1650485436893204
0 0.35194174757281554 0.8551779935275081 0.20388349514563106 0.2783171521035599
0 0.2688106796116505 0.912621359223301 0.1395631067961165 0.17475728155339806
0 0.6158980582524272 0.9466019417475728 0.12742718446601942 0.10679611650485436
0 0.4975728155339806 0.9142394822006472 0.14805825242718446 0.1715210355987055
0 0.9563106796116505 0.7030744336569579 0.08737864077669903 0.3414239482200647
0 0.9423543689320388 0.8422330097087378 0.11529126213592233 0.2313915857605178