0 0.2391304347826087 0.42679558011049723 0.060041407867494824 0.1574585635359116
0 0.9591097308488613 0.281767955801105 0.028985507246376812 0.27900552486187846
0 0.8571428571428571 0.1111878453038674 0.09730848861283643 0.16160220994475138
0 0.7738095238095238 0.10497237569060773 0.07556935817805382 0.13812154696132597
0 0.7267080745341615 0.38950276243093923 0.06314699792960662 0.10359116022099447
0 0.3193581780538302 0.41091160220994477 0.08074534161490683 0.11602209944751381
0 0.10093167701863354 0.6567679558011049 0.11076604554865424 0.034530386740331494
0 0.15165631469979296 0.8162983425414365 0.09109730848861283 0.08701657458563536
0 0.23136645962732919 0.949585635359116 0.07556935817805382 0.10082872928176796
0 0.03467908902691511 0.9564917127071824 0.06935817805383022 0.08701657458563536
0 0.9399585921325052 0.6526243093922652 0.08695652173913043 0.026243093922651933
0 0.8933747412008282 0.7437845303867403 0.08385093167701864 0.10497237569060773
0 0.8157349896480331 0.6843922651933702 0.13043478260869565 0.08977900552486189
0 0.41459627329192544 0.7879834254143646 0.08902691511387163 0.11187845303867404