0 0.41877637130801687 0.2345505617977528 0.14135021097046413 0.24719101123595505
0 0.43037974683544306 0.3532303370786517 0.11814345991561181 0.17275280898876405
0 0.46360759493670883 0.05898876404494382 0.05168776371308017 0.11797752808988764
0 0.5854430379746836 0.028089887640449437 0.0949367088607595 0.056179775280898875
0 0.5337552742616034 0.07443820224719101 0.08860759493670886 0.14887640449438203
0 0.6798523206751055 0.2949438202247191 0.12658227848101267 0.16713483146067415
0 0.8422995780590717 0.36587078651685395 0.12341772151898735 0.14747191011235955
0 0.04061181434599156 0.5695224719101124 0.08122362869198312 0.2598314606741573
0 0.33860759493670883 0.9094101123595506 0.16666666666666666 0.18117977528089887
0 0.9077004219409283 0.5610955056179775 0.18459915611814345 0.23735955056179775
0 0.9034810126582279 0.7036516853932584 0.1529535864978903 0.19803370786516855
0 0.67457805907173 0.860252808988764 0.06540084388185655 0.0702247191011236