0 0.29211663066954646 0.07276657060518732 0.11339092872570194 0.14553314121037464
0 0.48758099352051837 0.08573487031700289 0.25377969762419006 0.17146974063400577
0 0.6241900647948164 0.28602305475504325 0.04967602591792657 0.13688760806916425
0 0.24298056155507558 0.3580691642651297 0.12095032397408208 0.1628242074927954
0 0.744060475161987 0.07060518731988473 0.08855291576673865 0.1239193083573487
0 0.9611231101511879 0.19956772334293948 0.07775377969762419 0.12247838616714697
0 0.9703023758099352 0.07492795389048991 0.05939524838012959 0.14985590778097982
0 0.6565874730021598 0.3025936599423631 0.01511879049676026 0.12968299711815562
0 0.7618790496760259 0.37752161383285304 0.09503239740820735 0.1138328530259366
0 0.8628509719222462 0.3919308357348703 0.09935205183585313 0.09510086455331412
0 0.11177105831533478 0.48559077809798273 0.12419006479481641 0.09221902017291066
0 0.15280777537796977 0.6044668587896254 0.0939524838012959 0.11239193083573487
0 0.25161987041036715 0.5720461095100865 0.14362850971922247 0.21902017291066284
0 0.40982721382289417 0.547550432276657 0.23218142548596113 0.21613832853025935
0 0.5998920086393088 0.819164265129683 0.09827213822894168 0.1685878962536023
0 0.2068034557235421 0.9272334293948127 0.11555075593952484 0.14553314121037464
0 0.8072354211663066 0.579250720461095 0.0939524838012959 0.1786743515850144
0 0.7365010799136069 0.9452449567723343 0.15550755939524838 0.10951008645533142