0 0.38894523326572006 0.32432432432432434 0.08012170385395538 0.21621621621621623
0 0.32809330628803246 0.3418918918918919 0.12271805273833672 0.15405405405405406
0 0.40060851926977686 0.14121621621621622 0.056795131845841784 0.10945945945945947
0 0.7758620689655172 0.2722972972972973 0.1105476673427992 0.2702702702702703
0 0.6805273833671399 0.225 0.11663286004056796 0.15135135135135136
0 0.6952332657200812 0.027702702702702704 0.09432048681541583 0.05540540540540541
0 0.9203853955375254 0.32297297297297295 0.07910750507099391 0.14054054054054055
0 0.473630831643002 0.42162162162162165 0.04462474645030426 0.0945945945945946
0 0.4751521298174442 0.45472972972972975 0.037525354969574036 0.06891891891891892
0 0.32809330628803246 0.9533783783783784 0.0821501014198783 0.09324324324324325
0 0.2550709939148073 0.9702702702702702 0.11866125760649088 0.05945945945945946
0 0.17748478701825557 0.7108108108108108 0.09837728194726167 0.13378378378378378
0 0.19827586206896552 0.5209459459459459 0.10040567951318459 0.06351351351351352
0 0.9655172413793104 0.5391891891891892 0.06896551724137931 0.1
0 0.815922920892495 0.522972972972973 0.1389452332657201 0.06756756756756757
0 0.7281947261663286 0.5128378378378379 0.11156186612576065 0.0472972972972973
0 0.5496957403651116 0.7695945945945946 0.04969574036511156 0.2418918918918919
0 0.6105476673427992 0.9087837837837838 0.09939148073022312 0.14189189189189189