0 0.037109375 0.4720052083333333 0.07421875 0.14453125
0 0.1328125 0.3352864583333333 0.1552734375 0.2747395833333333
0 0.20263671875 0.24739583333333334 0.130859375 0.16796875
0 0.0947265625 0.09635416666666667 0.1083984375 0.11588541666666667
0 0.50830078125 0.4752604166666667 0.1220703125 0.18359375
0 0.6728515625 0.48828125 0.224609375 0.203125
0 0.83740234375 0.2506510416666667 0.1162109375 0.15494791666666666
0 0.46142578125 0.177734375 0.1064453125 0.14322916666666666
0 0.85498046875 0.9674479166666666 0.0947265625 0.06510416666666667
0 0.423828125 0.7115885416666666 0.048828125 0.11588541666666667
0 0.49658203125 0.8365885416666666 0.08984375 0.12630208333333334
0 0.7041015625 0.740234375 0.1318359375 0.17447916666666666