0 0.015120967741935484 0.05174731182795699 0.03024193548387097 0.10349462365591398
0 0.5549395161290323 0.17271505376344087 0.12600806451612903 0.1693548387096774
0 0.6975806451612904 0.08736559139784947 0.12399193548387097 0.1639784946236559
0 0.3467741935483871 0.6868279569892473 0.125 0.2956989247311828
0 0.9712701612903226 0.33803763440860213 0.057459677419354836 0.15725806451612903
0 0.7127016129032258 0.28696236559139787 0.11491935483870967 0.05510752688172043
0 0.6723790322580645 0.3743279569892473 0.10584677419354839 0.14112903225806453
0 0.7898185483870968 0.375 0.1844758064516129 0.23118279569892472
0 0.59375 0.7083333333333334 0.11995967741935484 0.15994623655913978
0 0.4657258064516129 0.7903225806451613 0.11290322580645161 0.1774193548387097
0 0.4576612903225806 0.9388440860215054 0.0967741935483871 0.12231182795698925
0 0.9112903225806451 0.44556451612903225 0.1774193548387097 0.2513440860215054
0 0.9596774193548387 0.8568548387096774 0.08064516129032258 0.13844086021505375