0 0.29175946547884185 0.05803571428571429 0.1403118040089087 0.11607142857142858
0 0.19766146993318487 0.0625 0.15924276169265034 0.125
0 0.04510022271714922 0.025297619047619048 0.09020044543429843 0.050595238095238096
0 0.3513363028953229 0.2693452380952381 0.10356347438752785 0.12202380952380952
0 0.4922048997772829 0.3162202380952381 0.053452115812917596 0.09970238095238096
0 0.655902004454343 0.3861607142857143 0.14699331848552338 0.046130952380952384
0 0.05512249443207127 0.5461309523809523 0.08463251670378619 0.12797619047619047
0 0.026726057906458798 0.9412202380952381 0.053452115812917596 0.11755952380952381
0 0.2099109131403118 0.9858630952380952 0.08129175946547884 0.028273809523809524
0 0.2344097995545657 0.8415178571428571 0.10133630289532294 0.14285714285714285
0 0.45824053452115815 0.7336309523809523 0.12138084632516703 0.19642857142857142
0 0.6597995545657016 0.5863095238095238 0.08463251670378619 0.12797619047619047
0 0.5885300668151447 0.9613095238095238 0.13919821826280623 0.07738095238095238
0 0.839086859688196 0.8816964285714286 0.10133630289532294 0.14285714285714285