0 0.06601466992665037 0.16856677524429967 0.13202933985330073 0.25895765472312704
0 0.07396088019559902 0.2980456026058632 0.14792176039119803 0.30944625407166126
0 0.23288508557457213 0.03501628664495114 0.11613691931540342 0.07003257328990228
0 0.4119804400977995 0.06758957654723127 0.15403422982885084 0.13517915309446255
0 0.49511002444987773 0.33794788273615634 0.029339853300733496 0.21661237785016288
0 0.9535452322738386 0.038273615635179156 0.09290953545232274 0.07654723127035831
0 0.3050122249388753 0.9674267100977199 0.12836185819070906 0.06514657980456026
0 0.30317848410757947 0.8298045602605864 0.09657701711491443 0.1270358306188925
0 0.2982885085574572 0.5708469055374593 0.21026894865525672 0.20358306188925082
0 0.23227383863080683 0.495928338762215 0.11491442542787286 0.05374592833876222
0 0.4474327628361858 0.5928338762214984 0.12469437652811736 0.1986970684039088
0 0.7536674816625917 0.8843648208469055 0.1100244498777506 0.13843648208469056
0 0.6418092909535452 0.9250814332247557 0.15892420537897312 0.1498371335504886
0 0.6778728606356969 0.5382736156351792 0.15036674816625917 0.13843648208469056
0 0.9853300733496333 0.9201954397394136 0.029339853300733496 0.15960912052117263
0 0.9480440097799511 0.7996742671009772 0.1039119804400978 0.16938110749185667