0 0.32575757575757575 0.03787878787878788 0.1388888888888889 0.07575757575757576
0 0.3529040404040404 0.25757575757575757 0.22727272727272727 0.25084175084175087
0 0.3371212121212121 0.36784511784511786 0.1590909090909091 0.14309764309764308
0 0.5441919191919192 0.32575757575757575 0.10984848484848485 0.18518518518518517
0 0.8794191919191919 0.13047138047138046 0.1148989898989899 0.15824915824915825
0 0.7329545454545454 0.2946127946127946 0.20833333333333334 0.2895622895622896
0 0.19886363636363635 0.9823232323232324 0.11994949494949494 0.03535353535353535
0 0.3522727272727273 0.5193602693602694 0.10858585858585859 0.15993265993265993
0 0.5290404040404041 0.6717171717171717 0.11742424242424243 0.14309764309764308
0 0.7171717171717171 0.4713804713804714 0.10858585858585859 0.06397306397306397
0 0.9532828282828283 0.7112794612794613 0.09343434343434344 0.1531986531986532