0 0.22695390781563127 0.2232620320855615 0.06513026052104208 0.3342245989304813
0 0.17384769539078157 0.3422459893048128 0.1593186372745491 0.19518716577540107
0 0.2970941883767535 0.33689839572192515 0.07515030060120241 0.1497326203208556
0 0.3862725450901804 0.32085561497326204 0.10320641282565131 0.13903743315508021
0 0.3411823647294589 0.40106951871657753 0.16332665330661322 0.07754010695187166
0 0.6578156312625251 0.31283422459893045 0.11723446893787576 0.15641711229946523
0 0.7550100200400801 0.15842245989304812 0.1342685370741483 0.18983957219251338
0 0.6793587174348698 0.02874331550802139 0.10020040080160321 0.05748663101604278
0 0.8697394789579158 0.17780748663101603 0.11523046092184369 0.15641711229946523
0 0.09969939879759519 0.9004010695187166 0.19939879759519039 0.19919786096256684
0 0.40531062124248496 0.4712566844919786 0.07915831663326653 0.06283422459893048
0 0.6578156312625251 0.5969251336898396 0.09118236472945891 0.1163101604278075
0 0.5786573146292585 0.6818181818181818 0.1312625250501002 0.17647058823529413
0 0.843186372745491 0.803475935828877 0.125250501002004 0.1711229946524064
0 0.7755511022044088 0.46524064171123 0.10821643286573146 0.05080213903743316
0 0.9924849699398798 0.6303475935828877 0.01503006012024048 0.10561497326203209
0 0.9744488977955912 0.6758021390374331 0.05110220440881764 0.13502673796791445
0 0.9869739478957916 0.8001336898395722 0.026052104208416832 0.11898395721925134