0 0.291044776119403 0.3482905982905983 0.07569296375266525 0.09401709401709402
0 0.16204690831556504 0.198005698005698 0.07249466950959488 0.1111111111111111
0 0.23987206823027718 0.14245014245014245 0.06716417910447761 0.09829059829059829
0 0.2819829424307036 0.07763532763532764 0.0650319829424307 0.10683760683760683
0 0.9163113006396588 0.44871794871794873 0.07142857142857142 0.039886039886039885
0 0.7057569296375267 0.23504273504273504 0.031982942430703626 0.1168091168091168
0 0.7590618336886994 0.009971509971509971 0.12366737739872068 0.019943019943019943
0 0.8128997867803838 0.017806267806267807 0.0628997867803838 0.03561253561253561
0 0.9514925373134329 0.026353276353276354 0.09701492537313433 0.05270655270655271
0 0.57409381663113 0.8076923076923077 0.13113006396588486 0.1623931623931624
0 0.43550106609808104 0.7286324786324786 0.10021321961620469 0.11396011396011396
0 0.21748400852878466 0.5584045584045584 0.1140724946695096 0.10683760683760683
0 0.3896588486140725 0.5534188034188035 0.13219616204690832 0.13105413105413105
0 0.7606609808102346 0.7051282051282052 0.07782515991471216 0.09686609686609686