0 0.2873051224944321 0.4724702380952381 0.13474387527839643 0.1800595238095238
0 0.4420935412026726 0.3586309523809524 0.0957683741648107 0.16964285714285715
0 0.4304008908685969 0.15327380952380953 0.1091314031180401 0.14583333333333334
0 0.5311804008908686 0.40922619047619047 0.08240534521158129 0.24404761904761904
0 0.7216035634743875 0.08110119047619048 0.11915367483296214 0.15922619047619047
0 0.967706013363029 0.4270833333333333 0.0645879732739421 0.15178571428571427
0 0.16982182628062362 0.7113095238095238 0.12694877505567928 0.16815476190476192
0 0.32405345211581293 0.9337797619047619 0.21603563474387527 0.1324404761904762
0 0.3975501113585746 0.8526785714285714 0.11024498886414254 0.14732142857142858
0 0.30734966592427615 0.6770833333333334 0.09910913140311804 0.1324404761904762
0 0.5840757238307349 0.9449404761904762 0.18819599109131402 0.11011904761904762
0 0.9220489977728286 0.6755952380952381 0.1492204899777283 0.17261904761904762