0 0.31931818181818183 0.17045454545454544 0.13295454545454546 0.30454545454545456
0 0.42102272727272727 0.2015151515151515 0.12045454545454545 0.16363636363636364
0 0.3886363636363636 0.4174242424242424 0.10454545454545454 0.04393939393939394
0 0.15852272727272726 0.0946969696969697 0.08636363636363636 0.1484848484848485
0 0.6613636363636364 0.39166666666666666 0.06363636363636363 0.09545454545454546
0 0.8835227272727273 0.3931818181818182 0.1125 0.09242424242424242
0 0.1278409090909091 0.8053030303030303 0.1125 0.1318181818181818
0 0.16818181818181818 0.9681818181818181 0.07954545454545454 0.06363636363636363
0 0.43920454545454546 0.9818181818181818 0.12386363636363637 0.03636363636363636
0 0.8863636363636364 0.8606060606060606 0.12613636363636363 0.20606060606060606
0 0.65 0.9598484848484848 0.04090909090909091 0.0803030303030303