0 0.4554507337526205 0.17946927374301677 0.10167714884696016 0.16061452513966482
0 0.28721174004192873 0.16689944134078213 0.17295597484276728 0.25
0 0.2028301886792453 0.21368715083798884 0.1320754716981132 0.1717877094972067
0 0.07809224318658281 0.5761173184357542 0.11006289308176101 0.2276536312849162
0 0.26153039832285113 0.023743016759776536 0.12054507337526206 0.04748603351955307
0 0.17452830188679244 0.6529329608938548 0.12054507337526206 0.07402234636871509
0 0.5466457023060797 0.20949720670391062 0.08490566037735849 0.14804469273743018
0 0.9827044025157232 0.27164804469273746 0.03459119496855346 0.15782122905027932
0 0.8574423480083857 0.2639664804469274 0.16666666666666666 0.2681564245810056
0 0.7615303983228512 0.28910614525139666 0.14465408805031446 0.1857541899441341
0 0.6341719077568134 0.6138268156424581 0.09014675052410902 0.15223463687150837
0 0.7872117400419287 0.06215083798882681 0.11740041928721175 0.12430167597765363
0 0.5550314465408805 0.7660614525139665 0.06813417190775681 0.15223463687150837
0 0.4879454926624738 0.8847765363128491 0.20230607966457023 0.23044692737430167
0 0.2138364779874214 0.869413407821229 0.1289308176100629 0.1717877094972067
0 0.889937106918239 0.8875698324022346 0.10796645702306079 0.14664804469273743
0 0.7426624737945493 0.7081005586592178 0.10377358490566038 0.036312849162011177