0 0.14960106382978725 0.28634751773049644 0.22872340425531915 0.30851063829787234
0 0.21476063829787234 0.39095744680851063 0.1276595744680851 0.1702127659574468
0 0.12101063829787234 0.07890070921985816 0.1622340425531915 0.15780141843971632
0 0.47938829787234044 0.3280141843971631 0.041223404255319146 0.16312056737588654
0 0.7293882978723404 0.09042553191489362 0.13696808510638298 0.18085106382978725
0 0.9341755319148937 0.30319148936170215 0.13164893617021275 0.20212765957446807
0 0.0884308510638298 0.9441489361702128 0.1768617021276596 0.11170212765957446
0 0.19946808510638298 0.625886524822695 0.19946808510638298 0.1950354609929078
0 0.20412234042553193 0.8404255319148937 0.1502659574468085 0.1879432624113475
0 0.4142287234042553 0.7810283687943262 0.08909574468085106 0.2074468085106383
0 0.7154255319148937 0.5806737588652482 0.1675531914893617 0.10460992907801418
0 0.632313829787234 0.7943262411347518 0.16090425531914893 0.21631205673758866
0 0.8843085106382979 0.5700354609929078 0.13829787234042554 0.08333333333333333