0 0.2859078590785908 0.3170289855072464 0.22764227642276422 0.30434782608695654
0 0.27235772357723576 0.17753623188405798 0.25474254742547425 0.35507246376811596
0 0.07994579945799458 0.5054347826086957 0.13279132791327913 0.08695652173913043
0 0.4444444444444444 0.05434782608695652 0.08943089430894309 0.10869565217391304
0 0.48712737127371275 0.32155797101449274 0.17479674796747968 0.3061594202898551
0 0.535230352303523 0.427536231884058 0.16395663956639567 0.2210144927536232
0 0.962059620596206 0.2871376811594203 0.07588075880758807 0.19384057971014493
0 0.35907859078590787 0.7327898550724637 0.08130081300813008 0.18297101449275363
0 0.018970189701897018 0.9139492753623188 0.037940379403794036 0.1721014492753623
0 0.3543360433604336 0.5978260869565217 0.09078590785907859 0.09782608695652174
0 0.4092140921409214 0.6277173913043478 0.018970189701897018 0.15760869565217392
0 0.44986449864498645 0.8052536231884058 0.1002710027100271 0.1793478260869565
0 0.6294037940379403 0.720108695652174 0.13685636856368563 0.1793478260869565
0 0.80420054200542 0.9610507246376812 0.2046070460704607 0.07789855072463768