0 0.15590809628008753 0.47959183673469385 0.1739606126914661 0.07871720116618076
0 0.05908096280087528 0.3870262390670554 0.11816192560175055 0.26384839650145775
0 0.04540481400437637 0.0597667638483965 0.09080962800875274 0.119533527696793
0 0.37527352297593 0.3498542274052478 0.12691466083150985 0.1661807580174927
0 0.975382932166302 0.4584548104956268 0.04923413566739606 0.12099125364431487
0 0.936542669584245 0.12463556851311954 0.12691466083150985 0.1880466472303207
0 0.4611597374179431 0.38556851311953355 0.04266958424507659 0.26676384839650147
0 0.18544857768052517 0.5626822157434402 0.12800875273522977 0.08746355685131195
0 0.29431072210065645 0.7113702623906706 0.11597374179431072 0.15306122448979592
0 0.412472647702407 0.6661807580174927 0.05470459518599562 0.19533527696793002
0 0.8681619256017505 0.9307580174927114 0.10831509846827134 0.13556851311953352
0 0.8708971553610503 0.6960641399416909 0.19146608315098468 0.24489795918367346
0 0.824398249452954 0.5983965014577259 0.1301969365426696 0.1588921282798834
0 0.4721006564551422 0.5962099125364432 0.06455142231947483 0.13994169096209913
0 0.975382932166302 0.6858600583090378 0.04923413566739606 0.17638483965014579