0 0.4567669172932331 0.038461538461538464 0.046365914786967416 0.07692307692307693
0 0.46115288220551376 0.1605351170568562 0.03759398496240601 0.14715719063545152
0 0.38283208020050125 0.16471571906354515 0.19047619047619047 0.2692307692307692
0 0.19987468671679198 0.17307692307692307 0.2694235588972431 0.29264214046822745
0 0.831453634085213 0.12040133779264214 0.18671679197994986 0.2408026755852843
0 0.043233082706766915 0.4197324414715719 0.08646616541353383 0.20066889632107024
0 0.12218045112781954 0.7508361204013378 0.14786967418546365 0.19899665551839466
0 0.2857142857142857 0.9214046822742475 0.14035087719298245 0.15719063545150502
0 0.931704260651629 0.6187290969899666 0.10401002506265664 0.13879598662207357
0 0.5639097744360902 0.9122073578595318 0.08020050125313283 0.13377926421404682
0 0.9624060150375939 0.9381270903010034 0.07518796992481203 0.12374581939799331