0 0.3957399103139013 0.11452095808383234 0.1210762331838565 0.15419161676646706
0 0.4254484304932735 0.34281437125748504 0.20739910313901344 0.25149700598802394
0 0.47141255605381166 0.41092814371257486 0.11547085201793722 0.11526946107784432
0 0.020179372197309416 0.28967065868263475 0.04035874439461883 0.23502994011976047
0 0.053251121076233185 0.25149700598802394 0.10650224215246637 0.17664670658682635
0 0.14181614349775784 0.3944610778443114 0.16031390134529147 0.14820359281437126
0 0.28643497757847536 0.3997005988023952 0.12443946188340807 0.1377245508982036
0 0.3991031390134529 0.020958083832335328 0.1210762331838565 0.041916167664670656
0 0.04932735426008968 0.4431137724550898 0.09865470852017937 0.05089820359281437
0 0.9131165919282511 0.1781437125748503 0.17376681614349776 0.24550898203592814
0 0.9702914798206278 0.24625748502994013 0.05941704035874439 0.12125748502994012
0 0.5795964125560538 0.2754491017964072 0.10089686098654709 0.18862275449101795
0 0.6395739910313901 0.17290419161676646 0.15807174887892378 0.2215568862275449
0 0.774103139013453 0.11751497005988024 0.13004484304932734 0.18263473053892215
0 0.45347533632286996 0.5471556886227545 0.15134529147982062 0.15718562874251496
0 0.026905829596412557 0.8802395209580839 0.053811659192825115 0.1317365269461078
0 0.0992152466367713 0.7994011976047904 0.1491031390134529 0.19910179640718562
0 0.8155829596412556 0.5471556886227545 0.13340807174887892 0.15718562874251496
0 0.945627802690583 0.8098802395209581 0.10874439461883408 0.15269461077844312
0 0.8318385650224215 0.967814371257485 0.11210762331838565 0.06437125748502993
0 0.6507847533632287 0.7440119760479041 0.17825112107623317 0.2470059880239521
0 0.5801569506726457 0.7964071856287425 0.10201793721973094 0.20958083832335328
0 0.5975336322869955 0.9348802395209581 0.1210762331838565 0.13023952095808383