0 0.14130434782608695 0.32105263157894737 0.2015810276679842 0.25263157894736843
0 0.11610671936758893 0.4421052631578947 0.13339920948616601 0.17763157894736842
0 0.2658102766798419 0.5276315789473685 0.09881422924901186 0.1355263157894737
0 0.44120553359683795 0.09342105263157895 0.05632411067193676 0.14736842105263157
0 0.17984189723320157 0.13355263157894737 0.11561264822134387 0.14868421052631578
0 0.4041501976284585 0.5184210526315789 0.13043478260869565 0.1868421052631579
0 0.9683794466403162 0.11842105263157894 0.06324110671936758 0.1868421052631579
0 0.8794466403162056 0.36907894736842106 0.11561264822134387 0.15526315789473685
0 0.95899209486166 0.5006578947368421 0.08201581027667984 0.12763157894736843
0 0.48962450592885376 0.425 0.040513833992094864 0.3105263157894737
0 0.22233201581027667 0.7690789473684211 0.10770750988142293 0.14210526315789473
0 0.424901185770751 0.8947368421052632 0.08893280632411067 0.19473684210526315
0 0.7653162055335968 0.7236842105263158 0.11956521739130435 0.06842105263157895