0 0.20051546391752578 0.41895604395604397 0.1134020618556701 0.1565934065934066
0 0.3082474226804124 0.35370879120879123 0.07938144329896907 0.11950549450549451
0 0.2907216494845361 0.23008241758241757 0.1556701030927835 0.17994505494505494
0 0.2551546391752577 0.08104395604395605 0.1824742268041237 0.1620879120879121
0 0.09742268041237113 0.034340659340659344 0.1556701030927835 0.06868131868131869
0 0.5355670103092783 0.28777472527472525 0.11134020618556702 0.14560439560439561
0 0.7407216494845361 0.011675824175824176 0.11030927835051546 0.023351648351648352
0 0.9860824742268042 0.3756868131868132 0.027835051546391754 0.17994505494505494
0 0.22268041237113403 0.625 0.18453608247422681 0.18681318681318682
0 0.15360824742268042 0.6771978021978022 0.24123711340206186 0.21016483516483517
0 0.07061855670103093 0.8550824175824175 0.1 0.11675824175824176
0 0.05463917525773196 0.9629120879120879 0.06804123711340206 0.07417582417582418
0 0.5082474226804123 0.8646978021978022 0.11958762886597939 0.18956043956043955
0 0.42731958762886596 0.6902472527472527 0.08969072164948454 0.13186813186813187
0 0.6 0.8605769230769231 0.018556701030927835 0.12225274725274725
0 0.5530927835051547 0.5947802197802198 0.11237113402061856 0.1510989010989011
0 0.7628865979381443 0.6401098901098901 0.10206185567010309 0.14285714285714285
0 0.945360824742268 0.8186813186813187 0.10927835051546392 0.18956043956043955