0 0.4269230769230769 0.4222873900293255 0.14615384615384616 0.19648093841642228
0 0.38461538461538464 0.592375366568915 0.23076923076923078 0.1935483870967742
0 0.21428571428571427 0.24853372434017595 0.13846153846153847 0.18328445747800587
0 0.10494505494505495 0.06158357771260997 0.11758241758241758 0.12316715542521994
0 0.9571428571428572 0.3621700879765396 0.08571428571428572 0.15835777126099707
0 0.823076923076923 0.45527859237536655 0.2021978021978022 0.2565982404692082
0 0.7478021978021978 0.5469208211143695 0.15714285714285714 0.2126099706744868
0 0.9532967032967034 0.008797653958944282 0.09340659340659341 0.017595307917888565
0 0.7472527472527473 0.013196480938416423 0.11208791208791209 0.026392961876832845
0 0.6478021978021978 0.12390029325513197 0.15714285714285714 0.21994134897360704
0 0.6862637362637363 0.3159824046920821 0.11648351648351649 0.1656891495601173
0 0.6016483516483516 0.028592375366568914 0.08241758241758242 0.05718475073313783
0 0.26593406593406593 0.9728739002932552 0.1010989010989011 0.054252199413489736
0 0.027472527472527472 0.9024926686217009 0.054945054945054944 0.15102639296187684