0 0.2321826280623608 0.23586309523809523 0.22048997772828507 0.21428571428571427
0 0.3184855233853007 0.1488095238095238 0.15701559020044542 0.19345238095238096
0 0.23385300668151449 0.7232142857142857 0.09131403118040089 0.03273809523809524
0 0.11080178173719377 0.3794642857142857 0.12138084632516703 0.13690476190476192
0 0.576837416481069 0.5357142857142857 0.11469933184855234 0.16071428571428573
0 0.5167037861915368 0.3020833333333333 0.11804008908685969 0.15476190476190477
0 0.8028953229398663 0.32663690476190477 0.12583518930957685 0.14434523809523808
0 0.9164810690423163 0.18303571428571427 0.16703786191536749 0.24107142857142858
0 0.9593541202672605 0.08779761904761904 0.08129175946547884 0.17559523809523808
0 0.8791759465478842 0.7023809523809523 0.12360801781737193 0.0744047619047619
0 0.715478841870824 0.38764880952380953 0.09131403118040089 0.11011904761904762
0 0.18986636971046772 0.9464285714285714 0.13697104677060135 0.10714285714285714
0 0.321826280623608 0.7648809523809523 0.12026726057906459 0.050595238095238096
0 0.48719376391982183 0.9441964285714286 0.09465478841870824 0.11160714285714286
0 0.7861915367483296 0.9069940476190477 0.08908685968819599 0.11904761904761904
0 0.9816258351893096 0.9285714285714286 0.036748329621380846 0.13690476190476192