0 0.33434466019417475 0.11165048543689321 0.09101941747572816 0.1262135922330097
0 0.2766990291262136 0.1529126213592233 0.10436893203883495 0.16666666666666666
0 0.14138349514563106 0.1820388349514563 0.08859223300970874 0.11974110032362459
0 0.032766990291262135 0.37783171521035597 0.06553398058252427 0.0825242718446602
0 0.8701456310679612 0.3017799352750809 0.16262135922330098 0.23462783171521034
0 0.5758495145631068 0.36893203883495146 0.12014563106796117 0.10032362459546926
0 0.030946601941747573 0.5234627831715211 0.061893203883495146 0.1634304207119741
0 0.03398058252427184 0.9118122977346278 0.06796116504854369 0.17637540453074432
0 0.8319174757281553 0.6254045307443366 0.11165048543689321 0.18122977346278318
0 0.6468446601941747 0.6545307443365695 0.1820388349514563 0.2928802588996764
0 0.5370145631067961 0.6245954692556634 0.1638349514563107 0.21035598705501618
0 0.5770631067961165 0.889967637540453 0.13470873786407767 0.14563106796116504
0 0.933252427184466 0.5898058252427184 0.08616504854368932 0.12944983818770225