0 0.21182266009852216 0.028782894736842105 0.09852216748768473 0.05756578947368421
0 0.062192118226600986 0.06825657894736842 0.12438423645320197 0.13651315789473684
0 0.48091133004926107 0.2746710526315789 0.10837438423645321 0.13980263157894737
0 0.6502463054187192 0.23601973684210525 0.09852216748768473 0.18914473684210525
0 0.6705665024630542 0.03042763157894737 0.05788177339901478 0.06085526315789474
0 0.8368226600985221 0.08552631578947369 0.19827586206896552 0.17105263157894737
0 0.7259852216748769 0.29769736842105265 0.05295566502463054 0.13486842105263158
0 0.8275862068965517 0.2870065789473684 0.1440886699507389 0.1825657894736842
0 0.2672413793103448 0.47944078947368424 0.09852216748768473 0.06085526315789474
0 0.3091133004926108 0.578125 0.05665024630541872 0.07072368421052631
0 0.34421182266009853 0.6735197368421053 0.11576354679802955 0.11019736842105263
0 0.40332512315270935 0.8207236842105263 0.10467980295566502 0.11842105263157894
0 0.625615763546798 0.9572368421052632 0.09852216748768473 0.08552631578947369
0 0.9396551724137931 0.48930921052631576 0.1206896551724138 0.0805921052631579
0 0.9328817733990148 0.578125 0.12807881773399016 0.12828947368421054
0 0.7124384236453202 0.6381578947368421 0.02586206896551724 0.3782894736842105