0 0.07318652849740932 0.08304498269896193 0.14637305699481865 0.16608996539792387
0 0.6677461139896373 0.15484429065743946 0.15155440414507773 0.2041522491349481
0 0.7247409326424871 0.3711072664359862 0.15155440414507773 0.07439446366782007
0 0.8950777202072538 0.38494809688581316 0.10880829015544041 0.04671280276816609
0 0.05375647668393782 0.6652249134948097 0.10751295336787564 0.2508650519031142
0 0.07966321243523317 0.9299307958477508 0.133419689119171 0.14013840830449828
0 0.40414507772020725 0.9108996539792388 0.06994818652849741 0.0986159169550173
0 0.297279792746114 0.9359861591695502 0.1567357512953368 0.12802768166089964
0 0.6275906735751295 0.9835640138408305 0.18264248704663213 0.0328719723183391
0 0.5926165803108808 0.8546712802768166 0.1489637305699482 0.19204152249134948
0 0.7053108808290155 0.6513840830449827 0.18393782383419688 0.23875432525951557