0 0.32395833333333335 0.04791666666666667 0.08541666666666667 0.09583333333333334
0 0.16666666666666666 0.3368055555555556 0.09375 0.125
0 0.20052083333333334 0.5263888888888889 0.11145833333333334 0.10555555555555556
0 0.9729166666666667 0.51875 0.05416666666666667 0.10416666666666667
0 0.9614583333333333 0.37777777777777777 0.07708333333333334 0.1388888888888889
0 0.7328125 0.5520833333333334 0.10729166666666666 0.05416666666666667
0 0.51875 0.6118055555555556 0.041666666666666664 0.06527777777777778
0 0.31197916666666664 0.9055555555555556 0.096875 0.18888888888888888
0 0.21770833333333334 0.9666666666666667 0.1125 0.06666666666666667
0 0.45625 0.8770833333333333 0.07291666666666667 0.1375
0 0.00625 0.8291666666666667 0.0125 0.09444444444444444
0 0.8848958333333333 0.6055555555555555 0.071875 0.05277777777777778
0 0.725 0.6729166666666667 0.12708333333333333 0.1875
0 0.6447916666666667 0.6486111111111111 0.09270833333333334 0.11944444444444445
0 0.9739583333333334 0.9756944444444444 0.052083333333333336 0.04861111111111111
0 0.8489583333333334 0.9611111111111111 0.13125 0.07777777777777778
0 0.790625 0.8243055555555555 0.109375 0.10694444444444444