0 0.06437768240343347 0.07664756446991404 0.12875536480686695 0.15329512893982808
0 0.5568669527896996 0.19054441260744986 0.06437768240343347 0.17765042979942694
0 0.6587982832618026 0.14183381088825214 0.13948497854077252 0.22636103151862463
0 0.9146995708154506 0.15974212034383956 0.1148068669527897 0.1518624641833811
0 0.07618025751072961 0.9477077363896849 0.15236051502145923 0.10458452722063037
0 0.3315450643776824 0.8144699140401146 0.10085836909871244 0.1332378223495702
0 0.20118025751072963 0.8230659025787965 0.08476394849785408 0.11604584527220631
0 0.1453862660944206 0.6146131805157593 0.09227467811158799 0.12464183381088825
0 0.2607296137339056 0.5293696275071633 0.18240343347639484 0.13896848137535817
0 0.5209227467811158 0.5565902578796562 0.1276824034334764 0.16905444126074498
0 0.6727467811158798 0.9527220630372493 0.11158798283261803 0.09455587392550144
0 0.9656652360515021 0.8316618911174785 0.06866952789699571 0.2994269340974212
0 0.875 0.7929799426934098 0.1148068669527897 0.16045845272206305
0 0.6335836909871244 0.7406876790830945 0.0890557939914163 0.12607449856733524