0 0.2334096109839817 0.3986280487804878 0.13043478260869565 0.16310975609756098
0 0.2585812356979405 0.16692073170731708 0.2116704805491991 0.26371951219512196
0 0.30549199084668194 0.07469512195121951 0.16247139588100687 0.14939024390243902
0 0.11498855835240275 0.054878048780487805 0.12013729977116705 0.10975609756097561
0 0.6601830663615561 0.1013719512195122 0.038901601830663615 0.1326219512195122
0 0.2322654462242563 0.5182926829268293 0.09610983981693363 0.10060975609756098
0 0.7562929061784897 0.5190548780487805 0.13729977116704806 0.09908536585365854
0 0.5594965675057209 0.8780487804878049 0.21967963386727687 0.24390243902439024
0 0.5749427917620137 0.7362804878048781 0.16590389016018306 0.21341463414634146
0 0.40160183066361554 0.6310975609756098 0.10755148741418764 0.125
0 0.07093821510297482 0.8780487804878049 0.14187643020594964 0.21036585365853658
0 0.23569794050343248 0.6516768292682927 0.14416475972540047 0.16615853658536586
0 0.9078947368421053 0.8429878048780488 0.18421052631578946 0.27134146341463417
0 0.9548054919908466 0.7461890243902439 0.09038901601830664 0.2027439024390244
0 0.6967963386727689 0.7820121951219512 0.034324942791762014 0.22865853658536586
0 0.7774599542334096 0.7911585365853658 0.12700228832951946 0.17835365853658536