0 0.4838709677419355 0.056451612903225805 0.1532258064516129 0.11290322580645161
0 0.5262096774193549 0.15681003584229392 0.28360215053763443 0.1057347670250896
0 0.027553763440860215 0.16666666666666666 0.05510752688172043 0.08602150537634409
0 0.9549731182795699 0.12813620071684587 0.09005376344086022 0.16308243727598568
0 0.8454301075268817 0.09946236559139784 0.1532258064516129 0.1989247311827957
0 0.7426075268817204 0.11917562724014337 0.06586021505376344 0.18100358422939067
0 0.46169354838709675 0.5008960573476703 0.21236559139784947 0.2724014336917563
0 0.21774193548387097 0.2661290322580645 0.12365591397849462 0.11290322580645161
0 0.478494623655914 0.9256272401433692 0.1424731182795699 0.14874551971326164
0 0.06182795698924731 0.5492831541218638 0.12365591397849462 0.1881720430107527
0 0.14919354838709678 0.6541218637992832 0.15994623655913978 0.2132616487455197
0 0.8971774193548387 0.7491039426523297 0.1532258064516129 0.1989247311827957
0 0.7896505376344086 0.3718637992831541 0.15994623655913978 0.3172043010752688
0 0.7486559139784946 0.7670250896057348 0.07795698924731183 0.15770609318996415