0 0.060450819672131145 0.08196721311475409 0.12090163934426229 0.16393442622950818
0 0.5573770491803278 0.31420765027322406 0.20491803278688525 0.16939890710382513
0 0.6039959016393442 0.2629781420765027 0.14856557377049182 0.19672131147540983
0 0.9103483606557377 0.2575136612021858 0.1362704918032787 0.20081967213114754
0 0.46311475409836067 0.17759562841530055 0.08811475409836066 0.14754098360655737
0 0.9426229508196722 0.3729508196721312 0.0778688524590164 0.05191256830601093
0 0.22438524590163936 0.9460382513661202 0.10245901639344263 0.10792349726775956
0 0.2848360655737705 0.7575136612021858 0.1834016393442623 0.24726775956284153
0 0.35348360655737704 0.6844262295081968 0.13114754098360656 0.17349726775956284
0 0.014344262295081968 0.5539617486338798 0.028688524590163935 0.12704918032786885
0 0.057889344262295084 0.6284153005464481 0.11577868852459017 0.19672131147540983
0 0.16700819672131148 0.6837431693989071 0.12397540983606557 0.16120218579234974
0 0.7935450819672131 0.73224043715847 0.1834016393442623 0.2609289617486339
0 0.8212090163934426 0.6133879781420765 0.14344262295081966 0.1953551912568306
0 0.6972336065573771 0.4521857923497268 0.1014344262295082 0.10655737704918032
0 0.45184426229508196 0.8490437158469946 0.06557377049180328 0.11885245901639344
0 0.4456967213114754 0.9057377049180327 0.05327868852459016 0.12021857923497267
0 0.7295081967213115 0.9077868852459017 0.10758196721311475 0.14754098360655737
0 0.545594262295082 0.45081967213114754 0.1403688524590164 0.10382513661202186