0 0.06445783132530121 0.2459807073954984 0.12891566265060242 0.18006430868167203
0 0.25 0.11093247588424437 0.1566265060240964 0.20739549839228297
0 0.4295180722891566 0.3183279742765273 0.1 0.20257234726688103
0 0.5957831325301205 0.10048231511254019 0.2325301204819277 0.20096463022508038
0 0.6933734939759036 0.07636655948553055 0.1963855421686747 0.1527331189710611
0 0.8560240963855422 0.23231511254019294 0.11686746987951807 0.15755627009646303
0 0.8789156626506024 0.46061093247588425 0.1578313253012048 0.1977491961414791
0 0.9891566265060241 0.20257234726688103 0.021686746987951807 0.24115755627009647
0 0.12349397590361445 0.7363344051446945 0.15421686746987953 0.2057877813504823
0 0.11686746987951807 0.9614147909967846 0.11325301204819277 0.07717041800643087
0 0.20602409638554217 0.9292604501607717 0.12289156626506025 0.1414790996784566
0 0.553012048192771 0.885048231511254 0.1108433734939759 0.1495176848874598