0 0.045454545454545456 0.15921052631578947 0.09090909090909091 0.14736842105263157
0 0.26679841897233203 0.04868421052631579 0.11462450592885376 0.09736842105263158
0 0.4673913043478261 0.4019736842105263 0.08498023715415019 0.05394736842105263
0 0.45849802371541504 0.3671052631578947 0.10276679841897234 0.12368421052631579
0 0.4901185770750988 0.22763157894736843 0.039525691699604744 0.19736842105263158
0 0.47579051383399207 0.07039473684210526 0.06818181818181818 0.14078947368421052
0 0.17588932806324112 0.06644736842105263 0.1067193675889328 0.13289473684210526
0 0.5271739130434783 0.1986842105263158 0.03458498023715415 0.1368421052631579
0 0.8443675889328063 0.03881578947368421 0.0958498023715415 0.07763157894736843
0 0.758893280632411 0.21447368421052632 0.11363636363636363 0.1513157894736842
0 0.849308300395257 0.35 0.13142292490118576 0.15789473684210525
0 0.9530632411067194 0.34539473684210525 0.09387351778656126 0.15394736842105264
0 0.08399209486166008 0.8743421052631579 0.12351778656126482 0.1631578947368421
0 0.3221343873517787 0.9585526315789473 0.1007905138339921 0.08289473684210526
0 0.592391304347826 0.7164473684210526 0.1650197628458498 0.2513157894736842
0 0.6442687747035574 0.6460526315789473 0.14031620553359683 0.18947368421052632
0 0.7593873517786561 0.9546052631578947 0.13932806324110672 0.09078947368421053
0 0.7203557312252964 0.8348684210526316 0.10276679841897234 0.14868421052631578
0 0.9278656126482213 0.9802631578947368 0.1067193675889328 0.039473684210526314
0 0.9199604743083004 0.8013157894736842 0.1600790513833992 0.22631578947368422
0 0.9688735177865613 0.7144736842105263 0.06225296442687747 0.23684210526315788