0 0.6235294117647059 0.05267295597484277 0.15294117647058825 0.10534591194968554
0 0.6105882352941177 0.1360062893081761 0.17882352941176471 0.2720125786163522
0 0.5664705882352942 0.30974842767295596 0.12705882352941175 0.1650943396226415
0 0.23411764705882354 0.2696540880503145 0.10588235294117647 0.1430817610062893
0 0.22 0.34040880503144655 0.0976470588235294 0.12735849056603774
0 0.11470588235294117 0.055031446540880505 0.1588235294117647 0.11006289308176101
0 0.9594117647058824 0.4418238993710692 0.0811764705882353 0.07547169811320754
0 0.8788235294117647 0.125 0.11058823529411765 0.14937106918238993
0 0.8735294117647059 0.3168238993710692 0.09529411764705882 0.12578616352201258
0 0.7241176470588235 0.3781446540880503 0.04823529411764706 0.13679245283018868
0 0.4888235294117647 0.9654088050314465 0.12352941176470589 0.06918238993710692
0 0.6058823529411764 0.9386792452830188 0.18823529411764706 0.12264150943396226
0 0.4082352941176471 0.6281446540880503 0.14470588235294118 0.19339622641509435
0 0.24411764705882352 0.5518867924528302 0.15411764705882353 0.14465408805031446
0 0.9011764705882352 0.6973270440251572 0.12588235294117647 0.16823899371069181
0 0.73 0.5628930817610063 0.06 0.16666666666666666