0 0.4868421052631579 0.23494983277591974 0.13784461152882205 0.18896321070234115
0 0.3032581453634085 0.1697324414715719 0.23057644110275688 0.3193979933110368
0 0.19987468671679198 0.10785953177257525 0.18170426065162906 0.2157190635451505
0 0.17481203007518797 0.4974916387959866 0.15162907268170425 0.04180602006688963
0 0.16917293233082706 0.3720735785953177 0.14035087719298245 0.1806020066889632
0 0.5939849624060151 0.2491638795986622 0.10275689223057644 0.13879598662207357
0 0.9523809523809523 0.1254180602006689 0.09523809523809523 0.2508361204013378
0 0.8408521303258145 0.35451505016722407 0.12155388471177944 0.1605351170568562
0 0.6917293233082706 0.30351170568561875 0.06516290726817042 0.17558528428093645
0 0.5983709273182958 0.9724080267558528 0.12155388471177944 0.05518394648829431
0 0.5939849624060151 0.8294314381270903 0.13032581453634084 0.2709030100334448
0 0.12969924812030076 0.9331103678929766 0.12406015037593984 0.13377926421404682
0 0.5444862155388471 0.6429765886287625 0.19172932330827067 0.24749163879598662
0 0.8903508771929824 0.7792642140468228 0.15789473684210525 0.20903010033444816
0 0.9674185463659147 0.9523411371237458 0.06516290726817042 0.09531772575250837