0 0.37853470437017994 0.046232876712328765 0.13496143958868895 0.09246575342465753
0 0.26413881748071977 0.09845890410958905 0.12724935732647816 0.15924657534246575
0 0.10347043701799485 0.2568493150684932 0.2069408740359897 0.2876712328767123
0 0.062339331619537273 0.3895547945205479 0.12467866323907455 0.21404109589041095
0 0.030205655526992288 0.0958904109589041 0.060411311053984576 0.1917808219178082
0 0.7924164524421594 0.16095890410958905 0.11439588688946016 0.1421232876712329
0 0.9029562982005142 0.2525684931506849 0.16323907455012854 0.2208904109589041
0 0.6240359897172236 0.461472602739726 0.06812339331619537 0.21404109589041095
0 0.6388174807197944 0.023972602739726026 0.09768637532133675 0.04794520547945205
0 0.2750642673521851 0.8715753424657534 0.11053984575835475 0.1386986301369863
0 0.6233933161953727 0.9126712328767124 0.06683804627249357 0.17465753424657535