0 0.16371681415929204 0.13274336283185842 0.2234513274336283 0.2079646017699115
0 0.08130530973451328 0.07300884955752213 0.15376106194690264 0.14601769911504425
0 0.2776548672566372 0.278023598820059 0.11946902654867257 0.13274336283185842
0 0.43805309734513276 0.4646017699115044 0.061946902654867256 0.05014749262536873
0 0.6698008849557522 0.3893805309734513 0.20243362831858408 0.20058997050147492
0 0.6233407079646017 0.2890855457227139 0.14601769911504425 0.20206489675516223
0 0.5315265486725663 0.45722713864306785 0.10951327433628319 0.06489675516224189
0 0.43086283185840707 0.8591445427728613 0.07632743362831858 0.11356932153392331
0 0.053650442477876106 0.5781710914454278 0.10730088495575221 0.17699115044247787
0 0.0956858407079646 0.8738938053097345 0.12168141592920353 0.1504424778761062
0 0.959070796460177 0.6629793510324484 0.08185840707964602 0.14601769911504425
0 0.6161504424778761 0.5833333333333334 0.21902654867256638 0.1873156342182891
0 0.536504424778761 0.5339233038348082 0.13495575221238937 0.08849557522123894
0 0.7267699115044248 0.7227138643067846 0.11946902654867257 0.13274336283185842
0 0.9137168141592921 0.93952802359882 0.09734513274336283 0.12094395280235988