0 0.3091133004926108 0.15871710526315788 0.08866995073891626 0.15953947368421054
0 0.4014778325123153 0.17023026315789475 0.05665024630541872 0.13651315789473684
0 0.5782019704433498 0.15707236842105263 0.11206896551724138 0.14473684210526316
0 0.8220443349753694 0.03453947368421053 0.1022167487684729 0.06907894736842106
0 0.07820197044334976 0.36019736842105265 0.1564039408866995 0.125
0 0.10098522167487685 0.26644736842105265 0.1330049261083744 0.05592105263157895
0 0.3041871921182266 0.28042763157894735 0.07389162561576355 0.08388157894736842
0 0.2376847290640394 0.8865131578947368 0.07881773399014778 0.09703947368421052
0 0.20812807881773399 0.9416118421052632 0.08251231527093596 0.09703947368421052
0 0.01600985221674877 0.5805921052631579 0.03201970443349754 0.09868421052631579
0 0.40948275862068967 0.4136513157894737 0.04064039408866995 0.1924342105263158
0 0.6490147783251231 0.953125 0.07142857142857142 0.09375
0 0.8023399014778325 0.9325657894736842 0.0874384236453202 0.1069078947368421
0 0.8257389162561576 0.5682565789473685 0.08866995073891626 0.09539473684210527
0 0.7007389162561576 0.5575657894736842 0.11699507389162561 0.16282894736842105