0 0.5376288659793814 0.3166208791208791 0.1154639175257732 0.15521978021978022
0 0.9855670103092784 0.35714285714285715 0.0288659793814433 0.12362637362637363
0 0.9654639175257732 0.14217032967032966 0.06907216494845361 0.16346153846153846
0 0.7731958762886598 0.33104395604395603 0.11030927835051546 0.1565934065934066
0 0.6556701030927835 0.29052197802197804 0.11134020618556702 0.25686813186813184
0 0.8618556701030928 0.3317307692307692 0.08247422680412371 0.11538461538461539
0 0.5742268041237113 0.7307692307692307 0.05154639175257732 0.25824175824175827
0 0.5350515463917526 0.551510989010989 0.12989690721649486 0.2651098901098901
0 0.2752577319587629 0.5048076923076923 0.11958762886597939 0.15934065934065933
0 0.42731958762886596 0.9567307692307693 0.12474226804123711 0.08653846153846154
0 0.7824742268041237 0.45604395604395603 0.09690721649484536 0.07417582417582418
0 0.6716494845360824 0.5659340659340659 0.13505154639175257 0.22527472527472528
0 0.9850515463917526 0.7438186813186813 0.029896907216494847 0.12774725274725274
0 0.8402061855670103 0.9567307692307693 0.12164948453608247 0.08653846153846154
0 0.7087628865979382 0.7692307692307693 0.16288659793814433 0.2184065934065934