0 0.30831533477321815 0.26296829971181557 0.10691144708423327 0.15273775216138327
0 0.32451403887688984 0.510806916426513 0.10367170626349892 0.13544668587896252
0 0.19114470842332612 0.5461095100864554 0.11879049676025918 0.06628242074927954
0 0.07937365010799136 0.526657060518732 0.09611231101511879 0.10518731988472622
0 0.9859611231101512 0.276657060518732 0.028077753779697623 0.28530259365994237
0 0.5259179265658748 0.5021613832853026 0.08963282937365011 0.1037463976945245
0 0.6295896328293736 0.4553314121037464 0.12311015118790497 0.1685878962536023
0 0.42602591792656586 0.2010086455331412 0.052915766738660906 0.16570605187319884
0 0.17386609071274298 0.9380403458213257 0.21166306695464362 0.1239193083573487
0 0.10151187904967603 0.8681556195965417 0.132829373650108 0.15561959654178675
0 0.7505399568034558 0.9899135446685879 0.0755939524838013 0.020172910662824207
0 0.6160907127429806 0.8414985590778098 0.16630669546436286 0.20893371757925072
0 0.6150107991360692 0.7312680115273775 0.08963282937365011 0.11959654178674352
0 0.5453563714902808 0.962536023054755 0.09935205183585313 0.07492795389048991