0 0.32124352331606215 0.1643598615916955 0.05699481865284974 0.14878892733564014
0 0.32577720207253885 0.09342560553633218 0.04792746113989637 0.1522491349480969
0 0.029145077720207253 0.12024221453287197 0.05829015544041451 0.20242214532871972
0 0.7247409326424871 0.35813148788927335 0.15155440414507773 0.08304498269896193
0 0.9073834196891192 0.24653979238754326 0.15414507772020725 0.20588235294117646
0 0.2648963730569948 0.6141868512110726 0.16968911917098445 0.32525951557093424
0 0.12435233160621761 0.6730103806228374 0.24870466321243523 0.35294117647058826
0 0.04922279792746114 0.523356401384083 0.09844559585492228 0.24740484429065743
0 0.8458549222797928 0.6089965397923875 0.14248704663212436 0.19550173010380623
0 0.7733160621761658 0.8486159169550173 0.23575129533678757 0.3027681660899654
0 0.6936528497409327 0.9230103806228374 0.1878238341968912 0.15397923875432526
0 0.8678756476683938 0.4662629757785467 0.13212435233160622 0.13321799307958476