0 0.029166666666666667 0.4930555555555556 0.058333333333333334 0.16111111111111112
0 0.13645833333333332 0.34930555555555554 0.14270833333333333 0.18333333333333332
0 0.15625 0.13958333333333334 0.23125 0.2791666666666667
0 0.051041666666666666 0.044444444444444446 0.10208333333333333 0.08888888888888889
0 0.32135416666666666 0.49444444444444446 0.07604166666666666 0.17222222222222222
0 0.11927083333333334 0.47152777777777777 0.071875 0.09583333333333334
0 0.6041666666666666 0.32569444444444445 0.16354166666666667 0.20694444444444443
0 0.5130208333333334 0.6 0.128125 0.058333333333333334
0 0.8453125 0.19652777777777777 0.109375 0.14722222222222223
0 0.7666666666666667 0.5694444444444444 0.12291666666666666 0.11944444444444445
0 0.9807291666666667 0.3 0.03854166666666667 0.14722222222222223
0 0.03333333333333333 0.9604166666666667 0.06666666666666667 0.07916666666666666
0 0.14322916666666666 0.9222222222222223 0.10104166666666667 0.13333333333333333
0 0.8755208333333333 0.9305555555555556 0.13020833333333334 0.1388888888888889