0 0.22921225382932167 0.44825072886297374 0.11597374179431072 0.1588921282798834
0 0.22045951859956237 0.18221574344023322 0.21663019693654267 0.3498542274052478
0 0.058533916849015315 0.09256559766763849 0.11706783369803063 0.18513119533527697
0 0.4086433260393873 0.028425655976676383 0.08205689277899343 0.056851311953352766
0 0.41301969365426694 0.5072886297376094 0.07330415754923414 0.10495626822157435
0 0.5804157549234136 0.1946064139941691 0.1673960612691466 0.19970845481049562
0 0.5361050328227571 0.5182215743440233 0.12472647702407003 0.08309037900874636
0 0.8090809628008753 0.03498542274052478 0.10831509846827134 0.06997084548104957
0 0.7729759299781181 0.5247813411078717 0.11269146608315099 0.06997084548104957
0 0.7882932166301969 0.42565597667638483 0.12253829321663019 0.1618075801749271
0 0.9742888402625821 0.06705539358600583 0.05142231947483589 0.13411078717201166
0 0.21772428884026257 0.6100583090379009 0.1487964989059081 0.10058309037900874
0 0.15536105032822758 0.8644314868804664 0.12035010940919037 0.14868804664723032
0 0.23304157549234136 0.9774052478134111 0.08971553610503283 0.04518950437317784
0 0.4195842450765864 0.9336734693877551 0.060175054704595186 0.11224489795918367
0 0.49288840262582057 0.9584548104956269 0.08643326039387308 0.08309037900874636
0 0.5612691466083151 0.9067055393586005 0.05908096280087528 0.07580174927113703
0 0.6198030634573304 0.8615160349854227 0.1137855579868709 0.1282798833819242
0 0.712253829321663 0.7725947521865889 0.10722100656455143 0.13119533527696792
0 0.8566739606126915 0.6457725947521866 0.17943107221006566 0.17201166180758018
0 0.9781181619256017 0.9045189504373178 0.0437636761487965 0.19096209912536444
0 0.9436542669584245 0.7587463556851312 0.11269146608315099 0.17346938775510204