0 0.08052884615384616 0.6081730769230769 0.06370192307692307 0.11057692307692307
0 0.26802884615384615 0.5733173076923077 0.05048076923076923 0.0829326923076923
0 0.48197115384615385 0.5600961538461539 0.030048076923076924 0.055288461538461536
0 0.042067307692307696 0.5504807692307693 0.02283653846153846 0.039663461538461536
0 0.8461538461538461 0.5132211538461539 0.025240384615384616 0.04447115384615385
0 0.5144230769230769 0.5060096153846154 0.026442307692307692 0.039663461538461536
0 0.12740384615384615 0.5024038461538461 0.025240384615384616 0.039663461538461536
0 0.2800480769230769 0.49759615384615385 0.03125 0.040865384615384616
0 0.3401442307692308 0.4879807692307692 0.037259615384615384 0.04567307692307692
0 0.4495192307692308 0.48677884615384615 0.030048076923076924 0.04567307692307692
0 0.057692307692307696 0.4735576923076923 0.03125 0.046875
0 0.21153846153846154 0.4387019230769231 0.025240384615384616 0.055288461538461536
0 0.8185096153846154 0.41586538461538464 0.04807692307692308 0.06129807692307692
0 0.4326923076923077 0.33774038461538464 0.030048076923076924 0.056490384615384616
0 0.40625 0.33653846153846156 0.03245192307692308 0.06971153846153846
0 0.8581730769230769 0.3233173076923077 0.07572115384615384 0.0733173076923077
0 0.24879807692307693 0.30288461538461536 0.03245192307692308 0.040865384615384616
0 0.015625 0.2980769230769231 0.03125 0.07692307692307693
0 0.07211538461538461 0.26322115384615385 0.026442307692307692 0.046875
0 0.11538461538461539 0.9254807692307693 0.03125 0.055288461538461536
0 0.18629807692307693 0.19951923076923078 0.09615384615384616 0.10216346153846154
0 0.09254807692307693 0.17668269230769232 0.03245192307692308 0.04567307692307692
0 0.06370192307692307 0.1502403846153846 0.04927884615384615 0.038461538461538464
0 0.2860576923076923 0.11658653846153846 0.06370192307692307 0.08653846153846154
0 0.12620192307692307 0.054086538461538464 0.030048076923076924 0.039663461538461536
0 0.2127403846153846 0.8942307692307693 0.026442307692307692 0.038461538461538464
0 0.7884615384615384 0.9831730769230769 0.028846153846153848 0.03365384615384615
0 0.8725961538461539 0.8052884615384616 0.04326923076923077 0.04567307692307692
0 0.59375 0.9795673076923077 0.02403846153846154 0.039663461538461536
0 0.8365384615384616 0.7632211538461539 0.040865384615384616 0.057692307692307696
0 0.71875 0.7487980769230769 0.04447115384615385 0.06490384615384616
0 0.3762019230769231 0.7475961538461539 0.026442307692307692 0.04927884615384615
0 0.28966346153846156 0.7427884615384616 0.06610576923076923 0.13581730769230768
0 0.23798076923076922 0.7115384615384616 0.037259615384615384 0.06850961538461539
0 0.1814903846153846 0.9711538461538461 0.037259615384615384 0.04567307692307692
0 0.36538461538461536 0.7067307692307693 0.025240384615384616 0.03245192307692308
0 0.39302884615384615 0.7007211538461539 0.020432692307692308 0.042067307692307696
0 0.16466346153846154 0.6959134615384616 0.018028846153846152 0.03485576923076923
0 0.8245192307692307 0.6802884615384616 0.04447115384615385 0.05889423076923077
0 0.17427884615384615 0.6778846153846154 0.05889423076923077 0.11778846153846154
0 0.36778846153846156 0.6298076923076923 0.030048076923076924 0.03485576923076923