0 0.6706730769230769 0.6057692307692307 0.021634615384615384 0.038461538461538464
0 0.234375 0.59375 0.016826923076923076 0.030048076923076924
0 0.21514423076923078 0.5492788461538461 0.019230769230769232 0.03485576923076923
0 0.29447115384615385 0.5492788461538461 0.016826923076923076 0.078125
0 0.23557692307692307 0.5456730769230769 0.037259615384615384 0.07692307692307693
0 0.7247596153846154 0.5420673076923077 0.015625 0.02403846153846154
0 0.18389423076923078 0.5372596153846154 0.01201923076923077 0.03245192307692308
0 0.7007211538461539 0.5036057692307693 0.013221153846153846 0.021634615384615384
0 0.16706730769230768 0.49278846153846156 0.021634615384615384 0.042067307692307696
0 0.7127403846153846 0.45072115384615385 0.010817307692307692 0.016826923076923076
0 0.4098557692307692 0.4495192307692308 0.016826923076923076 0.028846153846153848
0 0.4182692307692308 0.43149038461538464 0.016826923076923076 0.030048076923076924
0 0.4206730769230769 0.3269230769230769 0.01201923076923077 0.020432692307692308
0 0.9122596153846154 0.32211538461538464 0.015625 0.042067307692307696
0 0.8401442307692307 0.31490384615384615 0.015625 0.03125
0 0.4519230769230769 0.2860576923076923 0.02283653846153846 0.078125
0 0.47115384615384615 0.28365384615384615 0.020432692307692308 0.03125
0 0.06129807692307692 0.2548076923076923 0.010817307692307692 0.020432692307692308
0 0.47596153846153844 0.2536057692307692 0.018028846153846152 0.025240384615384616
0 0.42427884615384615 0.24158653846153846 0.019230769230769232 0.016826923076923076
0 0.44591346153846156 0.2403846153846154 0.014423076923076924 0.016826923076923076
0 0.040865384615384616 0.22355769230769232 0.013221153846153846 0.028846153846153848
0 0.4579326923076923 0.22115384615384615 0.016826923076923076 0.025240384615384616
0 0.9615384615384616 0.21033653846153846 0.018028846153846152 0.026442307692307692
0 0.057692307692307696 0.19471153846153846 0.019230769230769232 0.055288461538461536
0 0.08052884615384616 0.18269230769230768 0.016826923076923076 0.020432692307692308
0 0.6766826923076923 0.1778846153846154 0.028846153846153848 0.07572115384615384
0 0.47716346153846156 0.17548076923076922 0.013221153846153846 0.026442307692307692
0 0.9038461538461539 0.16947115384615385 0.008413461538461538 0.018028846153846152
0 0.46274038461538464 0.16706730769230768 0.013221153846153846 0.018028846153846152
0 0.08533653846153846 0.13581730769230768 0.01201923076923077 0.015625
0 0.8737980769230769 0.08774038461538461 0.02403846153846154 0.039663461538461536
0 0.7139423076923077 0.08173076923076923 0.019230769230769232 0.036057692307692304
0 0.8269230769230769 0.052884615384615384 0.016826923076923076 0.021634615384615384
0 0.8473557692307693 0.04567307692307692 0.03125 0.052884615384615384
0 0.6971153846153846 0.03485576923076923 0.02283653846153846 0.03485576923076923
0 0.7872596153846154 0.027644230769230768 0.018028846153846152 0.020432692307692308
0 0.7512019230769231 0.026442307692307692 0.014423076923076924 0.025240384615384616
0 0.8545673076923077 0.014423076923076924 0.020432692307692308 0.027644230769230768
0 0.36899038461538464 0.7956730769230769 0.019230769230769232 0.030048076923076924
0 0.328125 0.7524038461538461 0.018028846153846152 0.03365384615384615
0 0.3088942307692308 0.7331730769230769 0.018028846153846152 0.02283653846153846
0 0.3545673076923077 0.7199519230769231 0.021634615384615384 0.02403846153846154
0 0.5384615384615384 0.7151442307692307 0.02283653846153846 0.02403846153846154
0 0.3233173076923077 0.7019230769230769 0.038461538461538464 0.030048076923076924
0 0.3112980769230769 0.6742788461538461 0.020432692307692308 0.028846153846153848
0 0.6694711538461539 0.6514423076923077 0.016826923076923076 0.02403846153846154