0 0.8774038461538461 0.3858173076923077 0.125 0.10336538461538461
0 0.1814903846153846 0.4375 0.03485576923076923 0.0673076923076923
0 0.5973557692307693 0.4831730769230769 0.04807692307692308 0.07211538461538461
0 0.7211538461538461 0.04927884615384615 0.06850961538461539 0.055288461538461536
0 0.4074519230769231 0.5168269230769231 0.13822115384615385 0.07932692307692307
0 0.28125 0.5516826923076923 0.039663461538461536 0.05889423076923077
0 0.3329326923076923 0.5829326923076923 0.055288461538461536 0.04326923076923077
0 0.6081730769230769 0.6971153846153846 0.057692307692307696 0.0733173076923077
0 0.40865384615384615 0.07211538461538461 0.04807692307692308 0.0829326923076923
0 0.5072115384615384 0.7175480769230769 0.07451923076923077 0.09975961538461539
0 0.5240384615384616 0.84375 0.0625 0.09254807692307693
0 0.35216346153846156 0.8569711538461539 0.09375 0.1502403846153846
0 0.8016826923076923 0.8581730769230769 0.046875 0.0673076923076923
0 0.12740384615384615 0.9134615384615384 0.09495192307692307 0.1466346153846154
0 0.4338942307692308 0.9435096153846154 0.07451923076923077 0.08173076923076923
0 0.49759615384615385 0.13581730769230768 0.10216346153846154 0.1346153846153846
0 0.7211538461538461 0.18028846153846154 0.20192307692307693 0.19591346153846154
0 0.36778846153846156 0.35336538461538464 0.03365384615384615 0.04927884615384615