0 0.22596153846153846 0.5637019230769231 0.06971153846153846 0.08533653846153846
0 0.13701923076923078 0.6021634615384616 0.05889423076923077 0.06370192307692307
0 0.36658653846153844 0.6454326923076923 0.06009615384615385 0.05889423076923077
0 0.07451923076923077 0.13942307692307693 0.05889423076923077 0.06971153846153846
0 0.2403846153846154 0.8834134615384616 0.10096153846153846 0.10697115384615384
0 0.5961538461538461 0.14302884615384615 0.09375 0.09134615384615384
0 0.8605769230769231 0.18509615384615385 0.0733173076923077 0.09615384615384616
0 0.9194711538461539 0.13822115384615385 0.06610576923076923 0.08774038461538461
0 0.875 0.07091346153846154 0.06129807692307692 0.07211538461538461
0 0.7896634615384616 0.06009615384615385 0.13701923076923078 0.1201923076923077
0 0.8016826923076923 0.703125 0.06610576923076923 0.07572115384615384
0 0.8485576923076923 0.9435096153846154 0.0889423076923077 0.08653846153846154
0 0.11177884615384616 0.4651442307692308 0.0625 0.07572115384615384
0 0.054086538461538464 0.4387019230769231 0.06490384615384616 0.07211538461538461
0 0.10216346153846154 0.30408653846153844 0.04807692307692308 0.057692307692307696
0 0.18028846153846154 0.3473557692307692 0.04807692307692308 0.0625
0 0.9302884615384616 0.6682692307692307 0.13942307692307693 0.06490384615384616
0 0.9699519230769231 0.5396634615384616 0.05889423076923077 0.10096153846153846