0 0.6706730769230769 0.3942307692307692 0.021634615384615384 0.038461538461538464
0 0.234375 0.40625 0.016826923076923076 0.030048076923076924
0 0.21514423076923078 0.45072115384615385 0.019230769230769232 0.03485576923076923
0 0.29447115384615385 0.45072115384615385 0.016826923076923076 0.078125
0 0.23557692307692307 0.4543269230769231 0.037259615384615384 0.07692307692307693
0 0.7247596153846154 0.4579326923076923 0.015625 0.02403846153846154
0 0.18389423076923078 0.46274038461538464 0.01201923076923077 0.03245192307692308
0 0.7007211538461539 0.4963942307692308 0.013221153846153846 0.021634615384615384
0 0.16706730769230768 0.5072115384615384 0.021634615384615384 0.042067307692307696
0 0.7127403846153846 0.5492788461538461 0.010817307692307692 0.016826923076923076
0 0.4098557692307692 0.5504807692307693 0.016826923076923076 0.028846153846153848
0 0.4182692307692308 0.5685096153846154 0.016826923076923076 0.030048076923076924
0 0.4206730769230769 0.6730769230769231 0.01201923076923077 0.020432692307692308
0 0.9122596153846154 0.6778846153846154 0.015625 0.042067307692307696
0 0.8401442307692307 0.6850961538461539 0.015625 0.03125
0 0.4519230769230769 0.7139423076923077 0.02283653846153846 0.078125
0 0.47115384615384615 0.7163461538461539 0.020432692307692308 0.03125
0 0.06129807692307692 0.7451923076923077 0.010817307692307692 0.020432692307692308
0 0.47596153846153844 0.7463942307692307 0.018028846153846152 0.025240384615384616
0 0.42427884615384615 0.7584134615384616 0.019230769230769232 0.016826923076923076
0 0.44591346153846156 0.7596153846153846 0.014423076923076924 0.016826923076923076
0 0.040865384615384616 0.7764423076923077 0.013221153846153846 0.028846153846153848
0 0.4579326923076923 0.7788461538461539 0.016826923076923076 0.025240384615384616
0 0.9615384615384616 0.7896634615384616 0.018028846153846152 0.026442307692307692
0 0.057692307692307696 0.8052884615384616 0.019230769230769232 0.055288461538461536
0 0.08052884615384616 0.8173076923076923 0.016826923076923076 0.020432692307692308
0 0.6766826923076923 0.8221153846153846 0.028846153846153848 0.07572115384615384
0 0.47716346153846156 0.8245192307692307 0.013221153846153846 0.026442307692307692
0 0.9038461538461539 0.8305288461538461 0.008413461538461538 0.018028846153846152
0 0.46274038461538464 0.8329326923076923 0.013221153846153846 0.018028846153846152
0 0.08533653846153846 0.8641826923076923 0.01201923076923077 0.015625
0 0.8737980769230769 0.9122596153846154 0.02403846153846154 0.039663461538461536
0 0.7139423076923077 0.9182692307692307 0.019230769230769232 0.036057692307692304
0 0.8269230769230769 0.9471153846153846 0.016826923076923076 0.021634615384615384
0 0.8473557692307693 0.9543269230769231 0.03125 0.052884615384615384
0 0.6971153846153846 0.9651442307692307 0.02283653846153846 0.03485576923076923
0 0.7872596153846154 0.9723557692307693 0.018028846153846152 0.020432692307692308
0 0.7512019230769231 0.9735576923076923 0.014423076923076924 0.025240384615384616
0 0.8545673076923077 0.9855769230769231 0.020432692307692308 0.027644230769230768
0 0.36899038461538464 0.20432692307692307 0.019230769230769232 0.030048076923076924
0 0.328125 0.24759615384615385 0.018028846153846152 0.03365384615384615
0 0.3088942307692308 0.2668269230769231 0.018028846153846152 0.02283653846153846
0 0.3545673076923077 0.2800480769230769 0.021634615384615384 0.02403846153846154
0 0.5384615384615384 0.2848557692307692 0.02283653846153846 0.02403846153846154
0 0.3233173076923077 0.2980769230769231 0.038461538461538464 0.030048076923076924
0 0.3112980769230769 0.32572115384615385 0.020432692307692308 0.028846153846153848
0 0.6694711538461539 0.3485576923076923 0.016826923076923076 0.02403846153846154