0 0.16706730769230768 0.038461538461538464 0.05889423076923077 0.07692307692307693
0 0.7608173076923077 0.39903846153846156 0.04326923076923077 0.08774038461538461
0 0.5048076923076923 0.4098557692307692 0.046875 0.09615384615384616
0 0.8341346153846154 0.43990384615384615 0.06850961538461539 0.10576923076923077
0 0.140625 0.43990384615384615 0.040865384615384616 0.05048076923076923
0 0.5072115384615384 0.051682692307692304 0.04807692307692308 0.09375
0 0.6478365384615384 0.6382211538461539 0.051682692307692304 0.078125
0 0.31971153846153844 0.6514423076923077 0.07692307692307693 0.11298076923076923
0 0.7644230769230769 0.7283653846153846 0.1310096153846154 0.18990384615384615
0 0.44711538461538464 0.8317307692307693 0.07572115384615384 0.09375
0 0.8040865384615384 0.9483173076923077 0.0733173076923077 0.09975961538461539
0 0.7475961538461539 0.13221153846153846 0.03245192307692308 0.07572115384615384
0 0.8221153846153846 0.17908653846153846 0.056490384615384616 0.08173076923076923
0 0.7199519230769231 0.17908653846153846 0.030048076923076924 0.04326923076923077
0 0.38461538461538464 0.18990384615384615 0.10336538461538461 0.1622596153846154
0 0.2091346153846154 0.30408653846153844 0.054086538461538464 0.09134615384615384
0 0.125 0.35096153846153844 0.04567307692307692 0.06971153846153846
0 0.042067307692307696 0.3786057692307692 0.04326923076923077 0.0733173076923077