0 0.7512019230769231 0.8161057692307693 0.08533653846153846 0.09254807692307693
0 0.5721153846153846 0.8112980769230769 0.14543269230769232 0.18629807692307693
0 0.6153846153846154 0.578125 0.051682692307692304 0.08173076923076923
0 0.9290865384615384 0.23317307692307693 0.05048076923076923 0.140625
0 0.7475961538461539 0.05889423076923077 0.0733173076923077 0.09975961538461539
0 0.5985576923076923 0.32091346153846156 0.11177884615384616 0.140625
0 0.5180288461538461 0.10697115384615384 0.11778846153846154 0.203125
0 0.39663461538461536 0.18870192307692307 0.07572115384615384 0.10216346153846154
0 0.33413461538461536 0.5048076923076923 0.0985576923076923 0.08052884615384616
0 0.2512019230769231 0.3389423076923077 0.08413461538461539 0.1201923076923077
0 0.3317307692307692 0.0673076923076923 0.1346153846153846 0.1346153846153846
0 0.042067307692307696 0.17548076923076922 0.07091346153846154 0.08052884615384616
0 0.04447115384615385 0.9387019230769231 0.08774038461538461 0.12259615384615384
0 0.3894230769230769 0.7920673076923077 0.07692307692307693 0.11177884615384616
0 0.7355769230769231 0.5901442307692307 0.03125 0.038461538461538464