0 0.7740384615384616 0.4362980769230769 0.06971153846153846 0.08533653846153846
0 0.8629807692307693 0.39783653846153844 0.05889423076923077 0.06370192307692307
0 0.6334134615384616 0.3545673076923077 0.06009615384615385 0.05889423076923077
0 0.9254807692307693 0.8605769230769231 0.05889423076923077 0.06971153846153846
0 0.7596153846153846 0.11658653846153846 0.10096153846153846 0.10697115384615384
0 0.40384615384615385 0.8569711538461539 0.09375 0.09134615384615384
0 0.13942307692307693 0.8149038461538461 0.0733173076923077 0.09615384615384616
0 0.08052884615384616 0.8617788461538461 0.06610576923076923 0.08774038461538461
0 0.125 0.9290865384615384 0.06129807692307692 0.07211538461538461
0 0.21033653846153846 0.9399038461538461 0.13701923076923078 0.1201923076923077
0 0.19831730769230768 0.296875 0.06610576923076923 0.07572115384615384
0 0.15144230769230768 0.056490384615384616 0.0889423076923077 0.08653846153846154
0 0.8882211538461539 0.5348557692307693 0.0625 0.07572115384615384
0 0.9459134615384616 0.5612980769230769 0.06490384615384616 0.07211538461538461
0 0.8978365384615384 0.6959134615384616 0.04807692307692308 0.057692307692307696
0 0.8197115384615384 0.6526442307692307 0.04807692307692308 0.0625
0 0.06971153846153846 0.3317307692307692 0.13942307692307693 0.06490384615384616
0 0.030048076923076924 0.46033653846153844 0.05889423076923077 0.10096153846153846