0 0.12259615384615384 0.6141826923076923 0.125 0.10336538461538461
0 0.8185096153846154 0.5625 0.03485576923076923 0.0673076923076923
0 0.4026442307692308 0.5168269230769231 0.04807692307692308 0.07211538461538461
0 0.27884615384615385 0.9507211538461539 0.06850961538461539 0.055288461538461536
0 0.5925480769230769 0.4831730769230769 0.13822115384615385 0.07932692307692307
0 0.71875 0.4483173076923077 0.039663461538461536 0.05889423076923077
0 0.6670673076923077 0.4170673076923077 0.055288461538461536 0.04326923076923077
0 0.3918269230769231 0.30288461538461536 0.057692307692307696 0.0733173076923077
0 0.5913461538461539 0.9278846153846154 0.04807692307692308 0.0829326923076923
0 0.49278846153846156 0.2824519230769231 0.07451923076923077 0.09975961538461539
0 0.47596153846153844 0.15625 0.0625 0.09254807692307693
0 0.6478365384615384 0.14302884615384615 0.09375 0.1502403846153846
0 0.19831730769230768 0.14182692307692307 0.046875 0.0673076923076923
0 0.8725961538461539 0.08653846153846154 0.09495192307692307 0.1466346153846154
0 0.5661057692307693 0.056490384615384616 0.07451923076923077 0.08173076923076923
0 0.5024038461538461 0.8641826923076923 0.10216346153846154 0.1346153846153846
0 0.27884615384615385 0.8197115384615384 0.20192307692307693 0.19591346153846154
0 0.6322115384615384 0.6466346153846154 0.03365384615384615 0.04927884615384615