0 0.9699519230769231 0.20432692307692307 0.04447115384615385 0.06009615384615385
0 0.5697115384615384 0.5048076923076923 0.04927884615384615 0.08653846153846154
0 0.5769230769230769 0.6033653846153846 0.052884615384615384 0.07211538461538461
0 0.49759615384615385 0.5240384615384616 0.057692307692307696 0.0829326923076923
0 0.5625 0.7307692307692307 0.04567307692307692 0.06850961538461539
0 0.28365384615384615 0.5841346153846154 0.05048076923076923 0.054086538461538464
0 0.3125 0.9266826923076923 0.0625 0.06009615384615385
0 0.03365384615384615 0.39663461538461536 0.04326923076923077 0.06971153846153846
0 0.22956730769230768 0.27884615384615385 0.056490384615384616 0.09134615384615384
0 0.3581730769230769 0.11899038461538461 0.040865384615384616 0.06129807692307692
0 0.3713942307692308 0.06850961538461539 0.054086538461538464 0.07932692307692307
0 0.37259615384615385 0.9639423076923077 0.07451923076923077 0.06971153846153846