0 0.7512019230769231 0.18389423076923078 0.08533653846153846 0.09254807692307693
0 0.5721153846153846 0.18870192307692307 0.14543269230769232 0.18629807692307693
0 0.6153846153846154 0.421875 0.051682692307692304 0.08173076923076923
0 0.9290865384615384 0.7668269230769231 0.05048076923076923 0.140625
0 0.7475961538461539 0.9411057692307693 0.0733173076923077 0.09975961538461539
0 0.5985576923076923 0.6790865384615384 0.11177884615384616 0.140625
0 0.5180288461538461 0.8930288461538461 0.11778846153846154 0.203125
0 0.39663461538461536 0.8112980769230769 0.07572115384615384 0.10216346153846154
0 0.33413461538461536 0.4951923076923077 0.0985576923076923 0.08052884615384616
0 0.2512019230769231 0.6610576923076923 0.08413461538461539 0.1201923076923077
0 0.3317307692307692 0.9326923076923077 0.1346153846153846 0.1346153846153846
0 0.042067307692307696 0.8245192307692307 0.07091346153846154 0.08052884615384616
0 0.04447115384615385 0.06129807692307692 0.08774038461538461 0.12259615384615384
0 0.3894230769230769 0.20793269230769232 0.07692307692307693 0.11177884615384616
0 0.7355769230769231 0.4098557692307692 0.03125 0.038461538461538464