0 0.6021634615384616 0.5360576923076923 0.07091346153846154 0.11538461538461539
0 0.7764423076923077 0.5576923076923077 0.10096153846153846 0.125
0 0.4879807692307692 0.5637019230769231 0.057692307692307696 0.09375
0 0.5108173076923077 0.0625 0.06971153846153846 0.12259615384615384
0 0.8425480769230769 0.6754807692307693 0.09254807692307693 0.06490384615384616
0 0.2283653846153846 0.6766826923076923 0.04447115384615385 0.1778846153846154
0 0.6009615384615384 0.8004807692307693 0.051682692307692304 0.08413461538461539
0 0.8125 0.8016826923076923 0.1045673076923077 0.0889423076923077
0 0.9447115384615384 0.9194711538461539 0.056490384615384616 0.109375
0 0.8858173076923077 0.10336538461538461 0.09615384615384616 0.18509615384615385
0 0.06490384615384616 0.1045673076923077 0.07692307692307693 0.10817307692307693
0 0.9627403846153846 0.16826923076923078 0.054086538461538464 0.08653846153846154
0 0.04927884615384615 0.2848557692307692 0.0733173076923077 0.16466346153846154
0 0.40384615384615385 0.3786057692307692 0.07091346153846154 0.07692307692307693
0 0.24639423076923078 0.3798076923076923 0.027644230769230768 0.05048076923076923