0 0.7932692307692307 0.578125 0.09134615384615384 0.15985576923076922
0 0.16947115384615385 0.5697115384615384 0.0733173076923077 0.09495192307692307
0 0.8810096153846154 0.5576923076923077 0.07451923076923077 0.0889423076923077
0 0.02403846153846154 0.5456730769230769 0.04807692307692308 0.08173076923076923
0 0.5769230769230769 0.4891826923076923 0.042067307692307696 0.056490384615384616
0 0.6237980769230769 0.44591346153846156 0.06490384615384616 0.09134615384615384
0 0.7415865384615384 0.42427884615384615 0.04807692307692308 0.052884615384615384
0 0.6838942307692307 0.41346153846153844 0.04567307692307692 0.05889423076923077
0 0.18028846153846154 0.39783653846153844 0.054086538461538464 0.07932692307692307
0 0.6442307692307693 0.9350961538461539 0.15384615384615385 0.12980769230769232
0 0.31490384615384615 0.3473557692307692 0.078125 0.11778846153846154
0 0.11778846153846154 0.33774038461538464 0.09975961538461539 0.08173076923076923
0 0.6394230769230769 0.2764423076923077 0.04567307692307692 0.055288461538461536
0 0.421875 0.2644230769230769 0.06490384615384616 0.0985576923076923
0 0.2692307692307692 0.11899038461538461 0.07451923076923077 0.0829326923076923
0 0.19230769230769232 0.08173076923076923 0.052884615384615384 0.08052884615384616
0 0.13581730769230768 0.8305288461538461 0.06971153846153846 0.06850961538461539
0 0.5420673076923077 0.7403846153846154 0.0733173076923077 0.10576923076923077
0 0.14302884615384615 0.7331730769230769 0.07692307692307693 0.10336538461538461
0 0.4338942307692308 0.7091346153846154 0.11899038461538461 0.17908653846153846
0 0.07932692307692307 0.6670673076923077 0.09975961538461539 0.08533653846153846