0 0.6358173076923077 0.4110576923076923 0.06850961538461539 0.0889423076923077
0 0.1658653846153846 0.43990384615384615 0.06490384615384616 0.08774038461538461
0 0.31009615384615385 0.48677884615384615 0.052884615384615384 0.07451923076923077
0 0.11538461538461539 0.5300480769230769 0.12379807692307693 0.12139423076923077
0 0.8317307692307693 0.6983173076923077 0.04807692307692308 0.05889423076923077
0 0.140625 0.7391826923076923 0.06490384615384616 0.06971153846153846
0 0.27163461538461536 0.7860576923076923 0.0733173076923077 0.07451923076923077
0 0.5204326923076923 0.7944711538461539 0.07091346153846154 0.0985576923076923
0 0.5300480769230769 0.9134615384615384 0.05889423076923077 0.08052884615384616
0 0.7487980769230769 0.9326923076923077 0.06009615384615385 0.1346153846153846
0 0.3701923076923077 0.9387019230769231 0.040865384615384616 0.06610576923076923
0 0.5096153846153846 0.11057692307692307 0.0733173076923077 0.0985576923076923
0 0.0733173076923077 0.15264423076923078 0.06850961538461539 0.0829326923076923
0 0.3137019230769231 0.20552884615384615 0.10216346153846154 0.15384615384615385
0 0.5637019230769231 0.25240384615384615 0.10096153846153846 0.1622596153846154
0 0.8293269230769231 0.36658653846153844 0.06009615384615385 0.06009615384615385
0 0.13581730769230768 0.36778846153846156 0.054086538461538464 0.0673076923076923
0 0.9242788461538461 0.037259615384615384 0.06370192307692307 0.0673076923076923