0 0.20673076923076922 0.421875 0.09134615384615384 0.15985576923076922
0 0.8305288461538461 0.43028846153846156 0.0733173076923077 0.09495192307692307
0 0.11899038461538461 0.4423076923076923 0.07451923076923077 0.0889423076923077
0 0.9759615384615384 0.4543269230769231 0.04807692307692308 0.08173076923076923
0 0.4230769230769231 0.5108173076923077 0.042067307692307696 0.056490384615384616
0 0.3762019230769231 0.5540865384615384 0.06490384615384616 0.09134615384615384
0 0.25841346153846156 0.5757211538461539 0.04807692307692308 0.052884615384615384
0 0.3161057692307692 0.5865384615384616 0.04567307692307692 0.05889423076923077
0 0.8197115384615384 0.6021634615384616 0.054086538461538464 0.07932692307692307
0 0.3557692307692308 0.06490384615384616 0.15384615384615385 0.12980769230769232
0 0.6850961538461539 0.6526442307692307 0.078125 0.11778846153846154
0 0.8822115384615384 0.6622596153846154 0.09975961538461539 0.08173076923076923
0 0.3605769230769231 0.7235576923076923 0.04567307692307692 0.055288461538461536
0 0.578125 0.7355769230769231 0.06490384615384616 0.0985576923076923
0 0.7307692307692307 0.8810096153846154 0.07451923076923077 0.0829326923076923
0 0.8076923076923077 0.9182692307692307 0.052884615384615384 0.08052884615384616
0 0.8641826923076923 0.16947115384615385 0.06971153846153846 0.06850961538461539
0 0.4579326923076923 0.25961538461538464 0.0733173076923077 0.10576923076923077
0 0.8569711538461539 0.2668269230769231 0.07692307692307693 0.10336538461538461
0 0.5661057692307693 0.29086538461538464 0.11899038461538461 0.17908653846153846
0 0.9206730769230769 0.3329326923076923 0.09975961538461539 0.08533653846153846