0 0.3641826923076923 0.5889423076923077 0.06850961538461539 0.0889423076923077
0 0.8341346153846154 0.5600961538461539 0.06490384615384616 0.08774038461538461
0 0.6899038461538461 0.5132211538461539 0.052884615384615384 0.07451923076923077
0 0.8846153846153846 0.4699519230769231 0.12379807692307693 0.12139423076923077
0 0.16826923076923078 0.3016826923076923 0.04807692307692308 0.05889423076923077
0 0.859375 0.2608173076923077 0.06490384615384616 0.06971153846153846
0 0.7283653846153846 0.21394230769230768 0.0733173076923077 0.07451923076923077
0 0.4795673076923077 0.20552884615384615 0.07091346153846154 0.0985576923076923
0 0.4699519230769231 0.08653846153846154 0.05889423076923077 0.08052884615384616
0 0.2512019230769231 0.0673076923076923 0.06009615384615385 0.1346153846153846
0 0.6298076923076923 0.06129807692307692 0.040865384615384616 0.06610576923076923
0 0.49038461538461536 0.8894230769230769 0.0733173076923077 0.0985576923076923
0 0.9266826923076923 0.8473557692307693 0.06850961538461539 0.0829326923076923
0 0.6862980769230769 0.7944711538461539 0.10216346153846154 0.15384615384615385
0 0.4362980769230769 0.7475961538461539 0.10096153846153846 0.1622596153846154
0 0.17067307692307693 0.6334134615384616 0.06009615384615385 0.06009615384615385
0 0.8641826923076923 0.6322115384615384 0.054086538461538464 0.0673076923076923
0 0.07572115384615384 0.9627403846153846 0.06370192307692307 0.0673076923076923