0 0.6021634615384616 0.4639423076923077 0.07091346153846154 0.11538461538461539
0 0.7764423076923077 0.4423076923076923 0.10096153846153846 0.125
0 0.4879807692307692 0.4362980769230769 0.057692307692307696 0.09375
0 0.5108173076923077 0.9375 0.06971153846153846 0.12259615384615384
0 0.8425480769230769 0.3245192307692308 0.09254807692307693 0.06490384615384616
0 0.2283653846153846 0.3233173076923077 0.04447115384615385 0.1778846153846154
0 0.6009615384615384 0.19951923076923078 0.051682692307692304 0.08413461538461539
0 0.8125 0.19831730769230768 0.1045673076923077 0.0889423076923077
0 0.9447115384615384 0.08052884615384616 0.056490384615384616 0.109375
0 0.8858173076923077 0.8966346153846154 0.09615384615384616 0.18509615384615385
0 0.06490384615384616 0.8954326923076923 0.07692307692307693 0.10817307692307693
0 0.9627403846153846 0.8317307692307693 0.054086538461538464 0.08653846153846154
0 0.04927884615384615 0.7151442307692307 0.0733173076923077 0.16466346153846154
0 0.40384615384615385 0.6213942307692307 0.07091346153846154 0.07692307692307693
0 0.24639423076923078 0.6201923076923077 0.027644230769230768 0.05048076923076923