0 0.171875 0.5961538461538461 0.037259615384615384 0.078125
0 0.2439903846153846 0.5396634615384616 0.055288461538461536 0.078125
0 0.3954326923076923 0.40625 0.078125 0.15264423076923078
0 0.18389423076923078 0.3317307692307692 0.042067307692307696 0.07932692307692307
0 0.2548076923076923 0.2848557692307692 0.06370192307692307 0.10817307692307693
0 0.5408653846153846 0.2704326923076923 0.109375 0.1971153846153846
0 0.5348557692307693 0.921875 0.08052884615384616 0.14182692307692307
0 0.06009615384615385 0.09735576923076923 0.0625 0.08533653846153846
0 0.1971153846153846 0.04927884615384615 0.10336538461538461 0.09735576923076923
0 0.8016826923076923 0.9002403846153846 0.0625 0.10216346153846154
0 0.7632211538461539 0.7379807692307693 0.0829326923076923 0.1310096153846154
0 0.6646634615384616 0.6382211538461539 0.0889423076923077 0.14423076923076922