0 0.8329326923076923 0.9615384615384616 0.05889423076923077 0.07692307692307693
0 0.23918269230769232 0.6009615384615384 0.04326923076923077 0.08774038461538461
0 0.4951923076923077 0.5901442307692307 0.046875 0.09615384615384616
0 0.1658653846153846 0.5600961538461539 0.06850961538461539 0.10576923076923077
0 0.859375 0.5600961538461539 0.040865384615384616 0.05048076923076923
0 0.49278846153846156 0.9483173076923077 0.04807692307692308 0.09375
0 0.35216346153846156 0.36177884615384615 0.051682692307692304 0.078125
0 0.6802884615384616 0.3485576923076923 0.07692307692307693 0.11298076923076923
0 0.23557692307692307 0.27163461538461536 0.1310096153846154 0.18990384615384615
0 0.5528846153846154 0.16826923076923078 0.07572115384615384 0.09375
0 0.19591346153846154 0.051682692307692304 0.0733173076923077 0.09975961538461539
0 0.25240384615384615 0.8677884615384616 0.03245192307692308 0.07572115384615384
0 0.1778846153846154 0.8209134615384616 0.056490384615384616 0.08173076923076923
0 0.2800480769230769 0.8209134615384616 0.030048076923076924 0.04326923076923077
0 0.6153846153846154 0.8100961538461539 0.10336538461538461 0.1622596153846154
0 0.7908653846153846 0.6959134615384616 0.054086538461538464 0.09134615384615384
0 0.875 0.6490384615384616 0.04567307692307692 0.06971153846153846
0 0.9579326923076923 0.6213942307692307 0.04326923076923077 0.0733173076923077