0 0.171875 0.40384615384615385 0.037259615384615384 0.078125
0 0.2439903846153846 0.46033653846153844 0.055288461538461536 0.078125
0 0.3954326923076923 0.59375 0.078125 0.15264423076923078
0 0.18389423076923078 0.6682692307692307 0.042067307692307696 0.07932692307692307
0 0.2548076923076923 0.7151442307692307 0.06370192307692307 0.10817307692307693
0 0.5408653846153846 0.7295673076923077 0.109375 0.1971153846153846
0 0.5348557692307693 0.078125 0.08052884615384616 0.14182692307692307
0 0.06009615384615385 0.9026442307692307 0.0625 0.08533653846153846
0 0.1971153846153846 0.9507211538461539 0.10336538461538461 0.09735576923076923
0 0.8016826923076923 0.09975961538461539 0.0625 0.10216346153846154
0 0.7632211538461539 0.2620192307692308 0.0829326923076923 0.1310096153846154
0 0.6646634615384616 0.36177884615384615 0.0889423076923077 0.14423076923076922