0 0.1346153846153846 0.25841346153846156 0.019230769230769232 0.027644230769230768
0 0.1622596153846154 0.35697115384615385 0.02403846153846154 0.038461538461538464
0 0.13221153846153846 0.44711538461538464 0.025240384615384616 0.03245192307692308
0 0.13581730769230768 0.4831730769230769 0.02403846153846154 0.03125
0 0.15865384615384615 0.49158653846153844 0.028846153846153848 0.03365384615384615
0 0.23317307692307693 0.5588942307692307 0.027644230769230768 0.037259615384615384
0 0.23798076923076922 0.609375 0.020432692307692308 0.02283653846153846
0 0.11057692307692307 0.6586538461538461 0.019230769230769232 0.025240384615384616
0 0.17548076923076922 0.5324519230769231 0.04447115384615385 0.07932692307692307
0 0.18028846153846154 0.7007211538461539 0.027644230769230768 0.03125
0 0.1814903846153846 0.7295673076923077 0.027644230769230768 0.027644230769230768
0 0.15625 0.8701923076923077 0.021634615384615384 0.03245192307692308
0 0.10817307692307693 0.8966346153846154 0.03125 0.05048076923076923
0 0.036057692307692304 0.9182692307692307 0.020432692307692308 0.036057692307692304
0 0.24278846153846154 0.8401442307692307 0.030048076923076924 0.04567307692307692
0 0.28365384615384615 0.7247596153846154 0.019230769230769232 0.054086538461538464
0 0.29927884615384615 0.6899038461538461 0.02403846153846154 0.03365384615384615
0 0.2247596153846154 0.6201923076923077 0.02283653846153846 0.026442307692307692
0 0.24759615384615385 0.6454326923076923 0.028846153846153848 0.03485576923076923
0 0.3870192307692308 0.8401442307692307 0.027644230769230768 0.030048076923076924
0 0.4362980769230769 0.8942307692307693 0.02403846153846154 0.037259615384615384
0 0.44471153846153844 0.9326923076923077 0.028846153846153848 0.028846153846153848
0 0.33653846153846156 0.9783653846153846 0.019230769230769232 0.02403846153846154
0 0.29447115384615385 0.7980769230769231 0.025240384615384616 0.036057692307692304
0 0.31850961538461536 0.8173076923076923 0.03125 0.025240384615384616
0 0.3605769230769231 0.4411057692307692 0.018028846153846152 0.02403846153846154
0 0.4987980769230769 0.47475961538461536 0.03365384615384615 0.040865384615384616
0 0.4543269230769231 0.5637019230769231 0.02403846153846154 0.03125
0 0.4951923076923077 0.5721153846153846 0.02403846153846154 0.026442307692307692
0 0.49399038461538464 0.5985576923076923 0.025240384615384616 0.02403846153846154
0 0.47475961538461536 0.6586538461538461 0.020432692307692308 0.03365384615384615
0 0.47475961538461536 0.7463942307692307 0.027644230769230768 0.03245192307692308
0 0.515625 0.7223557692307693 0.019230769230769232 0.03245192307692308
0 0.5600961538461539 0.7043269230769231 0.030048076923076924 0.037259615384615384
0 0.6201923076923077 0.625 0.027644230769230768 0.03485576923076923
0 0.5649038461538461 0.5673076923076923 0.021634615384615384 0.03245192307692308
0 0.6742788461538461 0.3317307692307692 0.020432692307692308 0.025240384615384616
0 0.6742788461538461 0.3557692307692308 0.025240384615384616 0.021634615384615384
0 0.7271634615384616 0.3088942307692308 0.026442307692307692 0.030048076923076924
0 0.7884615384615384 0.296875 0.02403846153846154 0.03245192307692308
0 0.8064903846153846 0.29086538461538464 0.020432692307692308 0.030048076923076924
0 0.8317307692307693 0.3125 0.02283653846153846 0.03125
0 0.8161057692307693 0.38461538461538464 0.02403846153846154 0.025240384615384616
0 0.7860576923076923 0.49278846153846156 0.019230769230769232 0.026442307692307692
0 0.7379807692307693 0.45913461538461536 0.025240384615384616 0.030048076923076924
0 0.6766826923076923 0.43028846153846156 0.04807692307692308 0.055288461538461536
0 0.6850961538461539 0.6201923076923077 0.015625 0.03245192307692308
0 0.6862980769230769 0.8016826923076923 0.020432692307692308 0.026442307692307692
0 0.7211538461538461 0.7836538461538461 0.027644230769230768 0.03245192307692308
0 0.7223557692307693 0.6947115384615384 0.026442307692307692 0.03485576923076923
0 0.7475961538461539 0.671875 0.030048076923076924 0.03365384615384615
0 0.7692307692307693 0.6850961538461539 0.03245192307692308 0.03245192307692308
0 0.6646634615384616 0.9447115384615384 0.02403846153846154 0.03125
0 0.7331730769230769 0.8834134615384616 0.018028846153846152 0.03365384615384615
0 0.5913461538461539 0.8942307692307693 0.025240384615384616 0.028846153846153848
0 0.5817307692307693 0.9435096153846154 0.018028846153846152 0.02403846153846154
0 0.8353365384615384 0.8641826923076923 0.02283653846153846 0.027644230769230768
0 0.8762019230769231 0.9194711538461539 0.02283653846153846 0.03485576923076923
0 0.9663461538461539 0.46875 0.03245192307692308 0.030048076923076924
0 0.8293269230769231 0.43149038461538464 0.015625 0.030048076923076924
0 0.9831730769230769 0.27283653846153844 0.026442307692307692 0.027644230769230768
0 0.9555288461538461 0.3293269230769231 0.02283653846153846 0.025240384615384616
0 0.7860576923076923 0.07932692307692307 0.026442307692307692 0.037259615384615384
0 0.7716346153846154 0.11057692307692307 0.027644230769230768 0.02403846153846154
0 0.9170673076923077 0.06370192307692307 0.025240384615384616 0.026442307692307692
0 0.9074519230769231 0.09254807692307693 0.026442307692307692 0.02283653846153846
0 0.9579326923076923 0.1045673076923077 0.021634615384615384 0.03485576923076923
0 0.8365384615384616 0.23798076923076922 0.027644230769230768 0.051682692307692304
0 0.8605769230769231 0.26322115384615385 0.037259615384615384 0.06370192307692307
0 0.6670673076923077 0.052884615384615384 0.02403846153846154 0.027644230769230768
0 0.5637019230769231 0.030048076923076924 0.042067307692307696 0.03365384615384615
0 0.5588942307692307 0.0733173076923077 0.039663461538461536 0.046875
0 0.4855769230769231 0.16706730769230768 0.030048076923076924 0.037259615384615384
0 0.5060096153846154 0.15144230769230768 0.025240384615384616 0.028846153846153848
0 0.53125 0.17067307692307693 0.028846153846153848 0.04447115384615385
0 0.5588942307692307 0.1814903846153846 0.03245192307692308 0.036057692307692304
0 0.5360576923076923 0.21995192307692307 0.030048076923076924 0.027644230769230768
0 0.2932692307692308 0.3473557692307692 0.027644230769230768 0.03365384615384615
0 0.32091346153846156 0.2824519230769231 0.03125 0.055288461538461536
0 0.3545673076923077 0.30408653846153844 0.028846153846153848 0.046875
0 0.375 0.3004807692307692 0.025240384615384616 0.038461538461538464
0 0.3112980769230769 0.17548076923076922 0.02283653846153846 0.039663461538461536
0 0.30288461538461536 0.12740384615384615 0.020432692307692308 0.030048076923076924
0 0.296875 0.055288461538461536 0.030048076923076924 0.030048076923076924
0 0.38100961538461536 0.03485576923076923 0.026442307692307692 0.042067307692307696
0 0.421875 0.06610576923076923 0.019230769230769232 0.03245192307692308
0 0.4266826923076923 0.09975961538461539 0.026442307692307692 0.037259615384615384
0 0.1310096153846154 0.03125 0.03125 0.046875
0 0.1346153846153846 0.08052884615384616 0.027644230769230768 0.03245192307692308
0 0.17548076923076922 0.16346153846153846 0.025240384615384616 0.030048076923076924
0 0.19471153846153846 0.22596153846153846 0.02403846153846154 0.036057692307692304
0 0.23798076923076922 0.125 0.028846153846153848 0.125
0 0.19591346153846154 0.02403846153846154 0.028846153846153848 0.046875
0 0.14903846153846154 0.8197115384615384 0.02403846153846154 0.02283653846153846
0 0.4675480769230769 0.796875 0.028846153846153848 0.02283653846153846
0 0.6814903846153846 0.8942307692307693 0.019230769230769232 0.02403846153846154
0 0.6754807692307693 0.8581730769230769 0.020432692307692308 0.02403846153846154
0 0.8665865384615384 0.8713942307692307 0.027644230769230768 0.04567307692307692
0 0.8245192307692307 0.9603365384615384 0.06370192307692307 0.07572115384615384
0 0.9050480769230769 0.9795673076923077 0.026442307692307692 0.040865384615384616
0 0.984375 0.016826923076923076 0.026442307692307692 0.03245192307692308
0 0.5889423076923077 0.4014423076923077 0.03245192307692308 0.046875
0 0.5240384615384616 0.3125 0.03125 0.038461538461538464
0 0.4170673076923077 0.16105769230769232 0.04927884615384615 0.052884615384615384
0 0.38461538461538464 0.35697115384615385 0.040865384615384616 0.040865384615384616
0 0.7596153846153846 0.8689903846153846 0.021634615384615384 0.025240384615384616
0 0.8966346153846154 0.6201923076923077 0.028846153846153848 0.04447115384615385
0 0.3545673076923077 0.5408653846153846 0.013221153846153846 0.021634615384615384
0 0.3173076923076923 0.5348557692307693 0.016826923076923076 0.030048076923076924
0 0.33413461538461536 0.5336538461538461 0.020432692307692308 0.03125
0 0.014423076923076924 0.4831730769230769 0.019230769230769232 0.03485576923076923