0 0.3293269230769231 0.6057692307692307 0.021634615384615384 0.038461538461538464
0 0.765625 0.59375 0.016826923076923076 0.030048076923076924
0 0.7848557692307693 0.5492788461538461 0.019230769230769232 0.03485576923076923
0 0.7055288461538461 0.5492788461538461 0.016826923076923076 0.078125
0 0.7644230769230769 0.5456730769230769 0.037259615384615384 0.07692307692307693
0 0.27524038461538464 0.5420673076923077 0.015625 0.02403846153846154
0 0.8161057692307693 0.5372596153846154 0.01201923076923077 0.03245192307692308
0 0.29927884615384615 0.5036057692307693 0.013221153846153846 0.021634615384615384
0 0.8329326923076923 0.49278846153846156 0.021634615384615384 0.042067307692307696
0 0.28725961538461536 0.45072115384615385 0.010817307692307692 0.016826923076923076
0 0.5901442307692307 0.4495192307692308 0.016826923076923076 0.028846153846153848
0 0.5817307692307693 0.43149038461538464 0.016826923076923076 0.030048076923076924
0 0.5793269230769231 0.3269230769230769 0.01201923076923077 0.020432692307692308
0 0.08774038461538461 0.32211538461538464 0.015625 0.042067307692307696
0 0.15985576923076922 0.31490384615384615 0.015625 0.03125
0 0.5480769230769231 0.2860576923076923 0.02283653846153846 0.078125
0 0.5288461538461539 0.28365384615384615 0.020432692307692308 0.03125
0 0.9387019230769231 0.2548076923076923 0.010817307692307692 0.020432692307692308
0 0.5240384615384616 0.2536057692307692 0.018028846153846152 0.025240384615384616
0 0.5757211538461539 0.24158653846153846 0.019230769230769232 0.016826923076923076
0 0.5540865384615384 0.2403846153846154 0.014423076923076924 0.016826923076923076
0 0.9591346153846154 0.22355769230769232 0.013221153846153846 0.028846153846153848
0 0.5420673076923077 0.22115384615384615 0.016826923076923076 0.025240384615384616
0 0.038461538461538464 0.21033653846153846 0.018028846153846152 0.026442307692307692
0 0.9423076923076923 0.19471153846153846 0.019230769230769232 0.055288461538461536
0 0.9194711538461539 0.18269230769230768 0.016826923076923076 0.020432692307692308
0 0.3233173076923077 0.1778846153846154 0.028846153846153848 0.07572115384615384
0 0.5228365384615384 0.17548076923076922 0.013221153846153846 0.026442307692307692
0 0.09615384615384616 0.16947115384615385 0.008413461538461538 0.018028846153846152
0 0.5372596153846154 0.16706730769230768 0.013221153846153846 0.018028846153846152
0 0.9146634615384616 0.13581730769230768 0.01201923076923077 0.015625
0 0.12620192307692307 0.08774038461538461 0.02403846153846154 0.039663461538461536
0 0.2860576923076923 0.08173076923076923 0.019230769230769232 0.036057692307692304
0 0.17307692307692307 0.052884615384615384 0.016826923076923076 0.021634615384615384
0 0.15264423076923078 0.04567307692307692 0.03125 0.052884615384615384
0 0.30288461538461536 0.03485576923076923 0.02283653846153846 0.03485576923076923
0 0.2127403846153846 0.027644230769230768 0.018028846153846152 0.020432692307692308
0 0.24879807692307693 0.026442307692307692 0.014423076923076924 0.025240384615384616
0 0.14543269230769232 0.014423076923076924 0.020432692307692308 0.027644230769230768
0 0.6310096153846154 0.7956730769230769 0.019230769230769232 0.030048076923076924
0 0.671875 0.7524038461538461 0.018028846153846152 0.03365384615384615
0 0.6911057692307693 0.7331730769230769 0.018028846153846152 0.02283653846153846
0 0.6454326923076923 0.7199519230769231 0.021634615384615384 0.02403846153846154
0 0.46153846153846156 0.7151442307692307 0.02283653846153846 0.02403846153846154
0 0.6766826923076923 0.7019230769230769 0.038461538461538464 0.030048076923076924
0 0.6887019230769231 0.6742788461538461 0.020432692307692308 0.028846153846153848
0 0.33052884615384615 0.6514423076923077 0.016826923076923076 0.02403846153846154