0 0.9194711538461539 0.3918269230769231 0.06370192307692307 0.11057692307692307
0 0.7319711538461539 0.4266826923076923 0.05048076923076923 0.0829326923076923
0 0.5180288461538461 0.43990384615384615 0.030048076923076924 0.055288461538461536
0 0.9579326923076923 0.4495192307692308 0.02283653846153846 0.039663461538461536
0 0.15384615384615385 0.48677884615384615 0.025240384615384616 0.04447115384615385
0 0.4855769230769231 0.49399038461538464 0.026442307692307692 0.039663461538461536
0 0.8725961538461539 0.49759615384615385 0.025240384615384616 0.039663461538461536
0 0.7199519230769231 0.5024038461538461 0.03125 0.040865384615384616
0 0.6598557692307693 0.5120192307692307 0.037259615384615384 0.04567307692307692
0 0.5504807692307693 0.5132211538461539 0.030048076923076924 0.04567307692307692
0 0.9423076923076923 0.5264423076923077 0.03125 0.046875
0 0.7884615384615384 0.5612980769230769 0.025240384615384616 0.055288461538461536
0 0.1814903846153846 0.5841346153846154 0.04807692307692308 0.06129807692307692
0 0.5673076923076923 0.6622596153846154 0.030048076923076924 0.056490384615384616
0 0.59375 0.6634615384615384 0.03245192307692308 0.06971153846153846
0 0.14182692307692307 0.6766826923076923 0.07572115384615384 0.0733173076923077
0 0.7512019230769231 0.6971153846153846 0.03245192307692308 0.040865384615384616
0 0.984375 0.7019230769230769 0.03125 0.07692307692307693
0 0.9278846153846154 0.7367788461538461 0.026442307692307692 0.046875
0 0.8846153846153846 0.07451923076923077 0.03125 0.055288461538461536
0 0.8137019230769231 0.8004807692307693 0.09615384615384616 0.10216346153846154
0 0.9074519230769231 0.8233173076923077 0.03245192307692308 0.04567307692307692
0 0.9362980769230769 0.8497596153846154 0.04927884615384615 0.038461538461538464
0 0.7139423076923077 0.8834134615384616 0.06370192307692307 0.08653846153846154
0 0.8737980769230769 0.9459134615384616 0.030048076923076924 0.039663461538461536
0 0.7872596153846154 0.10576923076923077 0.026442307692307692 0.038461538461538464
0 0.21153846153846154 0.016826923076923076 0.028846153846153848 0.03365384615384615
0 0.12740384615384615 0.19471153846153846 0.04326923076923077 0.04567307692307692
0 0.40625 0.020432692307692308 0.02403846153846154 0.039663461538461536
0 0.16346153846153846 0.23677884615384615 0.040865384615384616 0.057692307692307696
0 0.28125 0.2512019230769231 0.04447115384615385 0.06490384615384616
0 0.6237980769230769 0.25240384615384615 0.026442307692307692 0.04927884615384615
0 0.7103365384615384 0.25721153846153844 0.06610576923076923 0.13581730769230768
0 0.7620192307692307 0.28846153846153844 0.037259615384615384 0.06850961538461539
0 0.8185096153846154 0.028846153846153848 0.037259615384615384 0.04567307692307692
0 0.6346153846153846 0.2932692307692308 0.025240384615384616 0.03245192307692308
0 0.6069711538461539 0.29927884615384615 0.020432692307692308 0.042067307692307696
0 0.8353365384615384 0.30408653846153844 0.018028846153846152 0.03485576923076923
0 0.17548076923076922 0.31971153846153844 0.04447115384615385 0.05889423076923077
0 0.8257211538461539 0.32211538461538464 0.05889423076923077 0.11778846153846154
0 0.6322115384615384 0.3701923076923077 0.030048076923076924 0.03485576923076923