0 0.8653846153846154 0.7415865384615384 0.019230769230769232 0.027644230769230768
0 0.8377403846153846 0.6430288461538461 0.02403846153846154 0.038461538461538464
0 0.8677884615384616 0.5528846153846154 0.025240384615384616 0.03245192307692308
0 0.8641826923076923 0.5168269230769231 0.02403846153846154 0.03125
0 0.8413461538461539 0.5084134615384616 0.028846153846153848 0.03365384615384615
0 0.7668269230769231 0.4411057692307692 0.027644230769230768 0.037259615384615384
0 0.7620192307692307 0.390625 0.020432692307692308 0.02283653846153846
0 0.8894230769230769 0.34134615384615385 0.019230769230769232 0.025240384615384616
0 0.8245192307692307 0.4675480769230769 0.04447115384615385 0.07932692307692307
0 0.8197115384615384 0.29927884615384615 0.027644230769230768 0.03125
0 0.8185096153846154 0.2704326923076923 0.027644230769230768 0.027644230769230768
0 0.84375 0.12980769230769232 0.021634615384615384 0.03245192307692308
0 0.8918269230769231 0.10336538461538461 0.03125 0.05048076923076923
0 0.9639423076923077 0.08173076923076923 0.020432692307692308 0.036057692307692304
0 0.7572115384615384 0.15985576923076922 0.030048076923076924 0.04567307692307692
0 0.7163461538461539 0.27524038461538464 0.019230769230769232 0.054086538461538464
0 0.7007211538461539 0.31009615384615385 0.02403846153846154 0.03365384615384615
0 0.7752403846153846 0.3798076923076923 0.02283653846153846 0.026442307692307692
0 0.7524038461538461 0.3545673076923077 0.028846153846153848 0.03485576923076923
0 0.6129807692307693 0.15985576923076922 0.027644230769230768 0.030048076923076924
0 0.5637019230769231 0.10576923076923077 0.02403846153846154 0.037259615384615384
0 0.5552884615384616 0.0673076923076923 0.028846153846153848 0.028846153846153848
0 0.6634615384615384 0.021634615384615384 0.019230769230769232 0.02403846153846154
0 0.7055288461538461 0.20192307692307693 0.025240384615384616 0.036057692307692304
0 0.6814903846153846 0.18269230769230768 0.03125 0.025240384615384616
0 0.6394230769230769 0.5588942307692307 0.018028846153846152 0.02403846153846154
0 0.5012019230769231 0.5252403846153846 0.03365384615384615 0.040865384615384616
0 0.5456730769230769 0.4362980769230769 0.02403846153846154 0.03125
0 0.5048076923076923 0.42788461538461536 0.02403846153846154 0.026442307692307692
0 0.5060096153846154 0.4014423076923077 0.025240384615384616 0.02403846153846154
0 0.5252403846153846 0.34134615384615385 0.020432692307692308 0.03365384615384615
0 0.5252403846153846 0.2536057692307692 0.027644230769230768 0.03245192307692308
0 0.484375 0.2776442307692308 0.019230769230769232 0.03245192307692308
0 0.43990384615384615 0.2956730769230769 0.030048076923076924 0.037259615384615384
0 0.3798076923076923 0.375 0.027644230769230768 0.03485576923076923
0 0.43509615384615385 0.4326923076923077 0.021634615384615384 0.03245192307692308
0 0.32572115384615385 0.6682692307692307 0.020432692307692308 0.025240384615384616
0 0.32572115384615385 0.6442307692307693 0.025240384615384616 0.021634615384615384
0 0.27283653846153844 0.6911057692307693 0.026442307692307692 0.030048076923076924
0 0.21153846153846154 0.703125 0.02403846153846154 0.03245192307692308
0 0.1935096153846154 0.7091346153846154 0.020432692307692308 0.030048076923076924
0 0.16826923076923078 0.6875 0.02283653846153846 0.03125
0 0.18389423076923078 0.6153846153846154 0.02403846153846154 0.025240384615384616
0 0.21394230769230768 0.5072115384615384 0.019230769230769232 0.026442307692307692
0 0.2620192307692308 0.5408653846153846 0.025240384615384616 0.030048076923076924
0 0.3233173076923077 0.5697115384615384 0.04807692307692308 0.055288461538461536
0 0.31490384615384615 0.3798076923076923 0.015625 0.03245192307692308
0 0.3137019230769231 0.19831730769230768 0.020432692307692308 0.026442307692307692
0 0.27884615384615385 0.21634615384615385 0.027644230769230768 0.03245192307692308
0 0.2776442307692308 0.30528846153846156 0.026442307692307692 0.03485576923076923
0 0.25240384615384615 0.328125 0.030048076923076924 0.03365384615384615
0 0.23076923076923078 0.31490384615384615 0.03245192307692308 0.03245192307692308
0 0.33533653846153844 0.055288461538461536 0.02403846153846154 0.03125
0 0.2668269230769231 0.11658653846153846 0.018028846153846152 0.03365384615384615
0 0.40865384615384615 0.10576923076923077 0.025240384615384616 0.028846153846153848
0 0.4182692307692308 0.056490384615384616 0.018028846153846152 0.02403846153846154
0 0.16466346153846154 0.13581730769230768 0.02283653846153846 0.027644230769230768
0 0.12379807692307693 0.08052884615384616 0.02283653846153846 0.03485576923076923
0 0.03365384615384615 0.53125 0.03245192307692308 0.030048076923076924
0 0.17067307692307693 0.5685096153846154 0.015625 0.030048076923076924
0 0.016826923076923076 0.7271634615384616 0.026442307692307692 0.027644230769230768
0 0.04447115384615385 0.6706730769230769 0.02283653846153846 0.025240384615384616
0 0.21394230769230768 0.9206730769230769 0.026442307692307692 0.037259615384615384
0 0.2283653846153846 0.8894230769230769 0.027644230769230768 0.02403846153846154
0 0.0829326923076923 0.9362980769230769 0.025240384615384616 0.026442307692307692
0 0.09254807692307693 0.9074519230769231 0.026442307692307692 0.02283653846153846
0 0.042067307692307696 0.8954326923076923 0.021634615384615384 0.03485576923076923
0 0.16346153846153846 0.7620192307692307 0.027644230769230768 0.051682692307692304
0 0.13942307692307693 0.7367788461538461 0.037259615384615384 0.06370192307692307
0 0.3329326923076923 0.9471153846153846 0.02403846153846154 0.027644230769230768
0 0.4362980769230769 0.9699519230769231 0.042067307692307696 0.03365384615384615
0 0.4411057692307692 0.9266826923076923 0.039663461538461536 0.046875
0 0.5144230769230769 0.8329326923076923 0.030048076923076924 0.037259615384615384
0 0.49399038461538464 0.8485576923076923 0.025240384615384616 0.028846153846153848
0 0.46875 0.8293269230769231 0.028846153846153848 0.04447115384615385
0 0.4411057692307692 0.8185096153846154 0.03245192307692308 0.036057692307692304
0 0.4639423076923077 0.7800480769230769 0.030048076923076924 0.027644230769230768
0 0.7067307692307693 0.6526442307692307 0.027644230769230768 0.03365384615384615
0 0.6790865384615384 0.7175480769230769 0.03125 0.055288461538461536
0 0.6454326923076923 0.6959134615384616 0.028846153846153848 0.046875
0 0.625 0.6995192307692307 0.025240384615384616 0.038461538461538464
0 0.6887019230769231 0.8245192307692307 0.02283653846153846 0.039663461538461536
0 0.6971153846153846 0.8725961538461539 0.020432692307692308 0.030048076923076924
0 0.703125 0.9447115384615384 0.030048076923076924 0.030048076923076924
0 0.6189903846153846 0.9651442307692307 0.026442307692307692 0.042067307692307696
0 0.578125 0.9338942307692307 0.019230769230769232 0.03245192307692308
0 0.5733173076923077 0.9002403846153846 0.026442307692307692 0.037259615384615384
0 0.8689903846153846 0.96875 0.03125 0.046875
0 0.8653846153846154 0.9194711538461539 0.027644230769230768 0.03245192307692308
0 0.8245192307692307 0.8365384615384616 0.025240384615384616 0.030048076923076924
0 0.8052884615384616 0.7740384615384616 0.02403846153846154 0.036057692307692304
0 0.7620192307692307 0.875 0.028846153846153848 0.125
0 0.8040865384615384 0.9759615384615384 0.028846153846153848 0.046875
0 0.8509615384615384 0.18028846153846154 0.02403846153846154 0.02283653846153846
0 0.5324519230769231 0.203125 0.028846153846153848 0.02283653846153846
0 0.31850961538461536 0.10576923076923077 0.019230769230769232 0.02403846153846154
0 0.3245192307692308 0.14182692307692307 0.020432692307692308 0.02403846153846154
0 0.13341346153846154 0.12860576923076922 0.027644230769230768 0.04567307692307692
0 0.17548076923076922 0.039663461538461536 0.06370192307692307 0.07572115384615384
0 0.09495192307692307 0.020432692307692308 0.026442307692307692 0.040865384615384616
0 0.015625 0.9831730769230769 0.026442307692307692 0.03245192307692308
0 0.4110576923076923 0.5985576923076923 0.03245192307692308 0.046875
0 0.47596153846153844 0.6875 0.03125 0.038461538461538464
0 0.5829326923076923 0.8389423076923077 0.04927884615384615 0.052884615384615384
0 0.6153846153846154 0.6430288461538461 0.040865384615384616 0.040865384615384616
0 0.2403846153846154 0.1310096153846154 0.021634615384615384 0.025240384615384616
0 0.10336538461538461 0.3798076923076923 0.028846153846153848 0.04447115384615385
0 0.6454326923076923 0.45913461538461536 0.013221153846153846 0.021634615384615384
0 0.6826923076923077 0.4651442307692308 0.016826923076923076 0.030048076923076924
0 0.6658653846153846 0.46634615384615385 0.020432692307692308 0.03125
0 0.9855769230769231 0.5168269230769231 0.019230769230769232 0.03485576923076923