0 0.5216346153846154 0.5709134615384616 0.06610576923076923 0.11177884615384616
0 0.8269230769230769 0.5685096153846154 0.06009615384615385 0.0985576923076923
0 0.3269230769230769 0.5456730769230769 0.03485576923076923 0.07572115384615384
0 0.9362980769230769 0.47596153846153844 0.12740384615384615 0.1201923076923077
0 0.15865384615384615 0.36658653846153844 0.10576923076923077 0.203125
0 0.8341346153846154 0.25721153846153844 0.056490384615384616 0.07692307692307693
0 0.4567307692307692 0.2536057692307692 0.052884615384615384 0.0889423076923077
0 0.6862980769230769 0.14423076923076922 0.06009615384615385 0.09375
0 0.2548076923076923 0.8701923076923077 0.11177884615384616 0.21514423076923078
0 0.7896634615384616 0.8449519230769231 0.046875 0.08653846153846154
0 0.09735576923076923 0.8401442307692307 0.06129807692307692 0.078125
0 0.5456730769230769 0.7043269230769231 0.057692307692307696 0.09014423076923077
0 0.9350961538461539 0.6514423076923077 0.06610576923076923 0.10817307692307693