0 0.030048076923076924 0.7956730769230769 0.04447115384615385 0.06009615384615385
0 0.43028846153846156 0.4951923076923077 0.04927884615384615 0.08653846153846154
0 0.4230769230769231 0.39663461538461536 0.052884615384615384 0.07211538461538461
0 0.5024038461538461 0.47596153846153844 0.057692307692307696 0.0829326923076923
0 0.4375 0.2692307692307692 0.04567307692307692 0.06850961538461539
0 0.7163461538461539 0.41586538461538464 0.05048076923076923 0.054086538461538464
0 0.6875 0.0733173076923077 0.0625 0.06009615384615385
0 0.9663461538461539 0.6033653846153846 0.04326923076923077 0.06971153846153846
0 0.7704326923076923 0.7211538461538461 0.056490384615384616 0.09134615384615384
0 0.6418269230769231 0.8810096153846154 0.040865384615384616 0.06129807692307692
0 0.6286057692307693 0.9314903846153846 0.054086538461538464 0.07932692307692307
0 0.6274038461538461 0.036057692307692304 0.07451923076923077 0.06971153846153846