0 0.6658653846153846 0.5817307692307693 0.20673076923076922 0.14543269230769232
0 0.7716346153846154 0.5793269230769231 0.09375 0.07451923076923077
0 0.3173076923076923 0.5697115384615384 0.07932692307692307 0.09254807692307693
0 0.10216346153846154 0.43028846153846156 0.056490384615384616 0.06850961538461539
0 0.7067307692307693 0.4026442307692308 0.04807692307692308 0.046875
0 0.8329326923076923 0.9399038461538461 0.10096153846153846 0.1201923076923077
0 0.609375 0.390625 0.06850961538461539 0.078125
0 0.22235576923076922 0.3786057692307692 0.17307692307692307 0.15264423076923078
0 0.5745192307692307 0.3161057692307692 0.06370192307692307 0.055288461538461536
0 0.8846153846153846 0.28725961538461536 0.0673076923076923 0.08173076923076923
0 0.7848557692307693 0.11298076923076923 0.05889423076923077 0.0673076923076923
0 0.7079326923076923 0.08533653846153846 0.08653846153846154 0.0733173076923077
0 0.6298076923076923 0.06850961538461539 0.03485576923076923 0.04567307692307692
0 0.515625 0.055288461538461536 0.13701923076923078 0.109375
0 0.9002403846153846 0.7896634615384616 0.06129807692307692 0.07932692307692307
0 0.3713942307692308 0.7403846153846154 0.05889423076923077 0.078125
0 0.12980769230769232 0.6887019230769231 0.140625 0.10817307692307693
0 0.45552884615384615 0.6442307692307693 0.039663461538461536 0.05048076923076923
0 0.025240384615384616 0.6225961538461539 0.04927884615384615 0.0625
0 0.9206730769230769 0.6213942307692307 0.042067307692307696 0.054086538461538464