0 0.39783653846153844 0.4639423076923077 0.07091346153846154 0.11538461538461539
0 0.22355769230769232 0.4423076923076923 0.10096153846153846 0.125
0 0.5120192307692307 0.4362980769230769 0.057692307692307696 0.09375
0 0.4891826923076923 0.9375 0.06971153846153846 0.12259615384615384
0 0.15745192307692307 0.3245192307692308 0.09254807692307693 0.06490384615384616
0 0.7716346153846154 0.3233173076923077 0.04447115384615385 0.1778846153846154
0 0.39903846153846156 0.19951923076923078 0.051682692307692304 0.08413461538461539
0 0.1875 0.19831730769230768 0.1045673076923077 0.0889423076923077
0 0.055288461538461536 0.08052884615384616 0.056490384615384616 0.109375
0 0.1141826923076923 0.8966346153846154 0.09615384615384616 0.18509615384615385
0 0.9350961538461539 0.8954326923076923 0.07692307692307693 0.10817307692307693
0 0.037259615384615384 0.8317307692307693 0.054086538461538464 0.08653846153846154
0 0.9507211538461539 0.7151442307692307 0.0733173076923077 0.16466346153846154
0 0.5961538461538461 0.6213942307692307 0.07091346153846154 0.07692307692307693
0 0.7536057692307693 0.6201923076923077 0.027644230769230768 0.05048076923076923