0 0.13942307692307693 0.390625 0.07451923076923077 0.12379807692307693
0 0.12860576923076922 0.5432692307692307 0.051682692307692304 0.17668269230769232
0 0.8653846153846154 0.6081730769230769 0.08653846153846154 0.08173076923076923
0 0.21995192307692307 0.609375 0.05889423076923077 0.07932692307692307
0 0.06370192307692307 0.6225961538461539 0.04927884615384615 0.08533653846153846
0 0.6947115384615384 0.7860576923076923 0.08413461538461539 0.11899038461538461
0 0.22235576923076922 0.7908653846153846 0.05048076923076923 0.10216346153846154
0 0.06850961538461539 0.08173076923076923 0.06971153846153846 0.08653846153846154
0 0.3918269230769231 0.8533653846153846 0.07932692307692307 0.12139423076923077
0 0.1045673076923077 0.8665865384615384 0.06971153846153846 0.07091346153846154
0 0.9194711538461539 0.9002403846153846 0.09254807692307693 0.1346153846153846
0 0.8485576923076923 0.9038461538461539 0.055288461538461536 0.13581730769230768
0 0.7067307692307693 0.15865384615384615 0.046875 0.04807692307692308
0 0.11177884615384616 0.18269230769230768 0.05889423076923077 0.06610576923076923
0 0.23918269230769232 0.18990384615384615 0.052884615384615384 0.07572115384615384
0 0.6995192307692307 0.23076923076923078 0.04447115384615385 0.052884615384615384
0 0.3401442307692308 0.33533653846153844 0.09134615384615384 0.14182692307692307