0 0.8605769230769231 0.390625 0.07451923076923077 0.12379807692307693
0 0.8713942307692307 0.5432692307692307 0.051682692307692304 0.17668269230769232
0 0.1346153846153846 0.6081730769230769 0.08653846153846154 0.08173076923076923
0 0.7800480769230769 0.609375 0.05889423076923077 0.07932692307692307
0 0.9362980769230769 0.6225961538461539 0.04927884615384615 0.08533653846153846
0 0.30528846153846156 0.7860576923076923 0.08413461538461539 0.11899038461538461
0 0.7776442307692307 0.7908653846153846 0.05048076923076923 0.10216346153846154
0 0.9314903846153846 0.08173076923076923 0.06971153846153846 0.08653846153846154
0 0.6081730769230769 0.8533653846153846 0.07932692307692307 0.12139423076923077
0 0.8954326923076923 0.8665865384615384 0.06971153846153846 0.07091346153846154
0 0.08052884615384616 0.9002403846153846 0.09254807692307693 0.1346153846153846
0 0.15144230769230768 0.9038461538461539 0.055288461538461536 0.13581730769230768
0 0.2932692307692308 0.15865384615384615 0.046875 0.04807692307692308
0 0.8882211538461539 0.18269230769230768 0.05889423076923077 0.06610576923076923
0 0.7608173076923077 0.18990384615384615 0.052884615384615384 0.07572115384615384
0 0.3004807692307692 0.23076923076923078 0.04447115384615385 0.052884615384615384
0 0.6598557692307693 0.33533653846153844 0.09134615384615384 0.14182692307692307