0 0.3112980769230769 0.5913461538461539 0.018028846153846152 0.04567307692307692
0 0.38221153846153844 0.5649038461538461 0.036057692307692304 0.15985576923076922
0 0.4206730769230769 0.5492788461538461 0.039663461538461536 0.0673076923076923
0 0.30528846153846156 0.5168269230769231 0.018028846153846152 0.03485576923076923
0 0.4266826923076923 0.4855769230769231 0.03365384615384615 0.04927884615384615
0 0.31850961538461536 0.47716346153846156 0.03125 0.038461538461538464
0 0.9375 0.9471153846153846 0.02403846153846154 0.051682692307692304
0 0.35697115384615385 0.47115384615384615 0.030048076923076924 0.042067307692307696
0 0.3798076923076923 0.42427884615384615 0.03245192307692308 0.055288461538461536
0 0.41466346153846156 0.31971153846153844 0.027644230769230768 0.056490384615384616
0 0.38100961538461536 0.3088942307692308 0.02283653846153846 0.036057692307692304
0 0.8317307692307693 0.2536057692307692 0.07211538461538461 0.16466346153846154
0 0.5060096153846154 0.21754807692307693 0.030048076923076924 0.1141826923076923
0 0.8978365384615384 0.039663461538461536 0.03365384615384615 0.06971153846153846
0 0.3329326923076923 0.8725961538461539 0.039663461538461536 0.05889423076923077
0 0.953125 0.8293269230769231 0.02403846153846154 0.037259615384615384
0 0.9615384615384616 0.9819711538461539 0.021634615384615384 0.03365384615384615
0 0.31971153846153844 0.6574519230769231 0.028846153846153848 0.046875