0 0.6298076923076923 0.38341346153846156 0.04447115384615385 0.055288461538461536
0 0.08653846153846154 0.38822115384615385 0.028846153846153848 0.039663461538461536
0 0.9471153846153846 0.04447115384615385 0.03245192307692308 0.055288461538461536
0 0.23677884615384615 0.453125 0.03485576923076923 0.040865384615384616
0 0.5504807692307693 0.5120192307692307 0.06370192307692307 0.07211538461538461
0 0.7355769230769231 0.53125 0.03125 0.04927884615384615
0 0.9723557692307693 0.5420673076923077 0.055288461538461536 0.06971153846153846
0 0.22716346153846154 0.055288461538461536 0.051682692307692304 0.0889423076923077
0 0.7271634615384616 0.6887019230769231 0.03245192307692308 0.055288461538461536
0 0.9711538461538461 0.7019230769230769 0.03125 0.04567307692307692
0 0.5048076923076923 0.09975961538461539 0.06009615384615385 0.08052884615384616
0 0.5625 0.11177884615384616 0.06370192307692307 0.11057692307692307
0 0.9459134615384616 0.13581730769230768 0.04326923076923077 0.057692307692307696
0 0.7019230769230769 0.1658653846153846 0.09615384615384616 0.10216346153846154
0 0.10336538461538461 0.16947115384615385 0.05889423076923077 0.06490384615384616
0 0.35336538461538464 0.1814903846153846 0.06370192307692307 0.09014423076923077
0 0.24759615384615385 0.1935096153846154 0.055288461538461536 0.042067307692307696
0 0.5504807692307693 0.21033653846153846 0.04447115384615385 0.06129807692307692
0 0.5637019230769231 0.2824519230769231 0.055288461538461536 0.06850961538461539
0 0.0985576923076923 0.29447115384615385 0.06009615384615385 0.0733173076923077
0 0.6225961538461539 0.3016826923076923 0.04326923076923077 0.057692307692307696
0 0.8870192307692307 0.3269230769230769 0.030048076923076924 0.038461538461538464
0 0.16947115384615385 0.038461538461538464 0.06009615384615385 0.07572115384615384