0 0.8173076923076923 0.390625 0.08774038461538461 0.12620192307692307
0 0.7716346153846154 0.5036057692307693 0.0733173076923077 0.09735576923076923
0 0.30408653846153844 0.5829326923076923 0.19951923076923078 0.6394230769230769
0 0.33413461538461536 0.06490384615384616 0.06490384615384616 0.10817307692307693
0 0.9639423076923077 0.6550480769230769 0.07211538461538461 0.16105769230769232
0 0.8064903846153846 0.7584134615384616 0.05889423076923077 0.10096153846153846
0 0.6526442307692307 0.8389423076923077 0.039663461538461536 0.0733173076923077
0 0.8665865384615384 0.12740384615384615 0.13341346153846154 0.21033653846153846
0 0.49759615384615385 0.20673076923076922 0.04807692307692308 0.07451923076923077
0 0.32572115384615385 0.2608173076923077 0.06850961538461539 0.109375
0 0.953125 0.3425480769230769 0.09134615384615384 0.15384615384615385