0 0.18269230769230768 0.609375 0.08774038461538461 0.12620192307692307
0 0.2283653846153846 0.4963942307692308 0.0733173076923077 0.09735576923076923
0 0.6959134615384616 0.4170673076923077 0.19951923076923078 0.6394230769230769
0 0.6658653846153846 0.9350961538461539 0.06490384615384616 0.10817307692307693
0 0.036057692307692304 0.3449519230769231 0.07211538461538461 0.16105769230769232
0 0.1935096153846154 0.24158653846153846 0.05889423076923077 0.10096153846153846
0 0.3473557692307692 0.16105769230769232 0.039663461538461536 0.0733173076923077
0 0.13341346153846154 0.8725961538461539 0.13341346153846154 0.21033653846153846
0 0.5024038461538461 0.7932692307692307 0.04807692307692308 0.07451923076923077
0 0.6742788461538461 0.7391826923076923 0.06850961538461539 0.109375
0 0.046875 0.6574519230769231 0.09134615384615384 0.15384615384615385