0 0.078125 0.4891826923076923 0.03245192307692308 0.051682692307692304
0 0.9170673076923077 0.5036057692307693 0.09735576923076923 0.12259615384615384
0 0.0889423076923077 0.052884615384615384 0.06129807692307692 0.07211538461538461
0 0.43028846153846156 0.5793269230769231 0.06009615384615385 0.078125
0 0.9555288461538461 0.6322115384615384 0.08774038461538461 0.1658653846153846
0 0.5588942307692307 0.7163461538461539 0.09014423076923077 0.11177884615384616
0 0.15745192307692307 0.7896634615384616 0.06370192307692307 0.15625
0 0.39903846153846156 0.7920673076923077 0.054086538461538464 0.0829326923076923
0 0.09615384615384616 0.9290865384615384 0.09615384615384616 0.140625
0 0.3557692307692308 0.9423076923076923 0.054086538461538464 0.06850961538461539
0 0.9555288461538461 0.2764423076923077 0.08774038461538461 0.11899038461538461