0 0.11177884615384616 0.45552884615384615 0.09014423076923077 0.15384615384615385
0 0.7788461538461539 0.39302884615384615 0.11899038461538461 0.17067307692307693
0 0.4831730769230769 0.32091346153846156 0.05048076923076923 0.09495192307692307
0 0.5612980769230769 0.1814903846153846 0.09615384615384616 0.12980769230769232
0 0.7355769230769231 0.15865384615384615 0.14423076923076922 0.19831730769230768
0 0.828125 0.9134615384615384 0.0673076923076923 0.11658653846153846
0 0.47596153846153844 0.9122596153846154 0.10576923076923077 0.1310096153846154
0 0.5528846153846154 0.05048076923076923 0.08173076923076923 0.10096153846153846
0 0.7175480769230769 0.8533653846153846 0.09254807692307693 0.12139423076923077
0 0.7475961538461539 0.6778846153846154 0.09975961538461539 0.12980769230769232
0 0.6322115384615384 0.6730769230769231 0.09014423076923077 0.11538461538461539