0 0.6887019230769231 0.40865384615384615 0.018028846153846152 0.04567307692307692
0 0.6177884615384616 0.43509615384615385 0.036057692307692304 0.15985576923076922
0 0.5793269230769231 0.45072115384615385 0.039663461538461536 0.0673076923076923
0 0.6947115384615384 0.4831730769230769 0.018028846153846152 0.03485576923076923
0 0.5733173076923077 0.5144230769230769 0.03365384615384615 0.04927884615384615
0 0.6814903846153846 0.5228365384615384 0.03125 0.038461538461538464
0 0.0625 0.052884615384615384 0.02403846153846154 0.051682692307692304
0 0.6430288461538461 0.5288461538461539 0.030048076923076924 0.042067307692307696
0 0.6201923076923077 0.5757211538461539 0.03245192307692308 0.055288461538461536
0 0.5853365384615384 0.6802884615384616 0.027644230769230768 0.056490384615384616
0 0.6189903846153846 0.6911057692307693 0.02283653846153846 0.036057692307692304
0 0.16826923076923078 0.7463942307692307 0.07211538461538461 0.16466346153846154
0 0.49399038461538464 0.7824519230769231 0.030048076923076924 0.1141826923076923
0 0.10216346153846154 0.9603365384615384 0.03365384615384615 0.06971153846153846
0 0.6670673076923077 0.12740384615384615 0.039663461538461536 0.05889423076923077
0 0.046875 0.17067307692307693 0.02403846153846154 0.037259615384615384
0 0.038461538461538464 0.018028846153846152 0.021634615384615384 0.03365384615384615
0 0.6802884615384616 0.3425480769230769 0.028846153846153848 0.046875