0 0.921875 0.5108173076923077 0.03245192307692308 0.051682692307692304
0 0.0829326923076923 0.4963942307692308 0.09735576923076923 0.12259615384615384
0 0.9110576923076923 0.9471153846153846 0.06129807692307692 0.07211538461538461
0 0.5697115384615384 0.4206730769230769 0.06009615384615385 0.078125
0 0.04447115384615385 0.36778846153846156 0.08774038461538461 0.1658653846153846
0 0.4411057692307692 0.28365384615384615 0.09014423076923077 0.11177884615384616
0 0.8425480769230769 0.21033653846153846 0.06370192307692307 0.15625
0 0.6009615384615384 0.20793269230769232 0.054086538461538464 0.0829326923076923
0 0.9038461538461539 0.07091346153846154 0.09615384615384616 0.140625
0 0.6442307692307693 0.057692307692307696 0.054086538461538464 0.06850961538461539
0 0.04447115384615385 0.7235576923076923 0.08774038461538461 0.11899038461538461