0 0.23677884615384615 0.5528846153846154 0.11899038461538461 0.078125
0 0.9194711538461539 0.5288461538461539 0.04927884615384615 0.0733173076923077
0 0.703125 0.5216346153846154 0.057692307692307696 0.0985576923076923
0 0.7596153846153846 0.3233173076923077 0.09014423076923077 0.11057692307692307
0 0.37259615384615385 0.9278846153846154 0.12620192307692307 0.14423076923076922
0 0.9146634615384616 0.21153846153846154 0.10216346153846154 0.12740384615384615
0 0.46634615384615385 0.21033653846153846 0.06009615384615385 0.08533653846153846
0 0.03245192307692308 0.9182692307692307 0.06490384615384616 0.10096153846153846
0 0.7980769230769231 0.078125 0.040865384615384616 0.05889423076923077
0 0.4326923076923077 0.7367788461538461 0.07572115384615384 0.09975961538461539
0 0.8641826923076923 0.9675480769230769 0.06971153846153846 0.06490384615384616
0 0.3954326923076923 0.6225961538461539 0.06009615384615385 0.09975961538461539