0 0.8557692307692307 0.5721153846153846 0.0673076923076923 0.07692307692307693
0 0.6526442307692307 0.5612980769230769 0.06370192307692307 0.11538461538461539
0 0.08413461538461539 0.5384615384615384 0.07451923076923077 0.09615384615384616
0 0.9170673076923077 0.4338942307692308 0.0829326923076923 0.10096153846153846
0 0.8341346153846154 0.4110576923076923 0.04447115384615385 0.07211538461538461
0 0.9783653846153846 0.4014423076923077 0.04326923076923077 0.08413461538461539
0 0.6826923076923077 0.3629807692307692 0.05889423076923077 0.09134615384615384
0 0.890625 0.36177884615384615 0.057692307692307696 0.08173076923076923
0 0.9411057692307693 0.3581730769230769 0.052884615384615384 0.0625
0 0.140625 0.3125 0.0673076923076923 0.08413461538461539
0 0.33052884615384615 0.29447115384615385 0.055288461538461536 0.0889423076923077
0 0.9290865384615384 0.2127403846153846 0.06971153846153846 0.07211538461538461
0 0.2091346153846154 0.13701923076923078 0.08413461538461539 0.15865384615384615
0 0.2620192307692308 0.9122596153846154 0.11177884615384616 0.1658653846153846
0 0.41466346153846156 0.8473557692307693 0.08052884615384616 0.12139423076923077
0 0.5877403846153846 0.828125 0.055288461538461536 0.0829326923076923
0 0.8317307692307693 0.8185096153846154 0.040865384615384616 0.0625
0 0.21394230769230768 0.7668269230769231 0.07692307692307693 0.0985576923076923
0 0.35336538461538464 0.6802884615384616 0.09134615384615384 0.10336538461538461
0 0.6009615384615384 0.6538461538461539 0.078125 0.1310096153846154