0 0.8425480769230769 0.43149038461538464 0.08052884615384616 0.10817307692307693
0 0.5829326923076923 0.4579326923076923 0.08173076923076923 0.15144230769230768
0 0.9326923076923077 0.6153846153846154 0.1141826923076923 0.13341346153846154
0 0.8209134615384616 0.6478365384615384 0.057692307692307696 0.08413461538461539
0 0.8954326923076923 0.7103365384615384 0.07692307692307693 0.09495192307692307
0 0.9639423076923077 0.7127403846153846 0.07091346153846154 0.0829326923076923
0 0.6262019230769231 0.7139423076923077 0.08052884615384616 0.1201923076923077
0 0.16466346153846154 0.8112980769230769 0.06370192307692307 0.10336538461538461
0 0.26322115384615385 0.08774038461538461 0.11298076923076923 0.15985576923076922
0 0.9543269230769231 0.8990384615384616 0.0829326923076923 0.08774038461538461
0 0.49399038461538464 0.11057692307692307 0.06850961538461539 0.0985576923076923
0 0.8112980769230769 0.11538461538461539 0.05048076923076923 0.08052884615384616
0 0.18389423076923078 0.30408653846153844 0.12259615384615384 0.12379807692307693
0 0.5192307692307693 0.34975961538461536 0.08774038461538461 0.14423076923076922