0 0.14423076923076922 0.5721153846153846 0.0673076923076923 0.07692307692307693
0 0.3473557692307692 0.5612980769230769 0.06370192307692307 0.11538461538461539
0 0.9158653846153846 0.5384615384615384 0.07451923076923077 0.09615384615384616
0 0.0829326923076923 0.4338942307692308 0.0829326923076923 0.10096153846153846
0 0.1658653846153846 0.4110576923076923 0.04447115384615385 0.07211538461538461
0 0.021634615384615384 0.4014423076923077 0.04326923076923077 0.08413461538461539
0 0.3173076923076923 0.3629807692307692 0.05889423076923077 0.09134615384615384
0 0.109375 0.36177884615384615 0.057692307692307696 0.08173076923076923
0 0.05889423076923077 0.3581730769230769 0.052884615384615384 0.0625
0 0.859375 0.3125 0.0673076923076923 0.08413461538461539
0 0.6694711538461539 0.29447115384615385 0.055288461538461536 0.0889423076923077
0 0.07091346153846154 0.2127403846153846 0.06971153846153846 0.07211538461538461
0 0.7908653846153846 0.13701923076923078 0.08413461538461539 0.15865384615384615
0 0.7379807692307693 0.9122596153846154 0.11177884615384616 0.1658653846153846
0 0.5853365384615384 0.8473557692307693 0.08052884615384616 0.12139423076923077
0 0.41225961538461536 0.828125 0.055288461538461536 0.0829326923076923
0 0.16826923076923078 0.8185096153846154 0.040865384615384616 0.0625
0 0.7860576923076923 0.7668269230769231 0.07692307692307693 0.0985576923076923
0 0.6466346153846154 0.6802884615384616 0.09134615384615384 0.10336538461538461
0 0.39903846153846156 0.6538461538461539 0.078125 0.1310096153846154