0 0.14423076923076922 0.42788461538461536 0.0673076923076923 0.07692307692307693
0 0.3473557692307692 0.4387019230769231 0.06370192307692307 0.11538461538461539
0 0.9158653846153846 0.46153846153846156 0.07451923076923077 0.09615384615384616
0 0.0829326923076923 0.5661057692307693 0.0829326923076923 0.10096153846153846
0 0.1658653846153846 0.5889423076923077 0.04447115384615385 0.07211538461538461
0 0.021634615384615384 0.5985576923076923 0.04326923076923077 0.08413461538461539
0 0.3173076923076923 0.6370192307692307 0.05889423076923077 0.09134615384615384
0 0.109375 0.6382211538461539 0.057692307692307696 0.08173076923076923
0 0.05889423076923077 0.6418269230769231 0.052884615384615384 0.0625
0 0.859375 0.6875 0.0673076923076923 0.08413461538461539
0 0.6694711538461539 0.7055288461538461 0.055288461538461536 0.0889423076923077
0 0.07091346153846154 0.7872596153846154 0.06971153846153846 0.07211538461538461
0 0.7908653846153846 0.8629807692307693 0.08413461538461539 0.15865384615384615
0 0.7379807692307693 0.08774038461538461 0.11177884615384616 0.1658653846153846
0 0.5853365384615384 0.15264423076923078 0.08052884615384616 0.12139423076923077
0 0.41225961538461536 0.171875 0.055288461538461536 0.0829326923076923
0 0.16826923076923078 0.1814903846153846 0.040865384615384616 0.0625
0 0.7860576923076923 0.23317307692307693 0.07692307692307693 0.0985576923076923
0 0.6466346153846154 0.31971153846153844 0.09134615384615384 0.10336538461538461
0 0.39903846153846156 0.34615384615384615 0.078125 0.1310096153846154