0 0.9110576923076923 0.5012019230769231 0.09254807692307693 0.12259615384615384
0 0.08774038461538461 0.9447115384615384 0.0673076923076923 0.08052884615384616
0 0.42788461538461536 0.421875 0.056490384615384616 0.078125
0 0.2512019230769231 0.3954326923076923 0.0889423076923077 0.09735576923076923
0 0.953125 0.36538461538461536 0.09014423076923077 0.17427884615384615
0 0.5552884615384616 0.28846153846153844 0.08653846153846154 0.109375
0 0.15745192307692307 0.2091346153846154 0.05889423076923077 0.16466346153846154
0 0.39663461538461536 0.20793269230769232 0.057692307692307696 0.08533653846153846
0 0.09014423076923077 0.07211538461538461 0.09615384615384616 0.14423076923076922
0 0.35216346153846156 0.06009615384615385 0.052884615384615384 0.06971153846153846
0 0.9507211538461539 0.7295673076923077 0.0985576923076923 0.1201923076923077