0 0.15745192307692307 0.5685096153846154 0.08052884615384616 0.10817307692307693
0 0.4170673076923077 0.5420673076923077 0.08173076923076923 0.15144230769230768
0 0.0673076923076923 0.38461538461538464 0.1141826923076923 0.13341346153846154
0 0.17908653846153846 0.35216346153846156 0.057692307692307696 0.08413461538461539
0 0.1045673076923077 0.28966346153846156 0.07692307692307693 0.09495192307692307
0 0.036057692307692304 0.28725961538461536 0.07091346153846154 0.0829326923076923
0 0.3737980769230769 0.2860576923076923 0.08052884615384616 0.1201923076923077
0 0.8353365384615384 0.18870192307692307 0.06370192307692307 0.10336538461538461
0 0.7367788461538461 0.9122596153846154 0.11298076923076923 0.15985576923076922
0 0.04567307692307692 0.10096153846153846 0.0829326923076923 0.08774038461538461
0 0.5060096153846154 0.8894230769230769 0.06850961538461539 0.0985576923076923
0 0.18870192307692307 0.8846153846153846 0.05048076923076923 0.08052884615384616
0 0.8161057692307693 0.6959134615384616 0.12259615384615384 0.12379807692307693
0 0.4807692307692308 0.6502403846153846 0.08774038461538461 0.14423076923076922