0 0.265625 0.3942307692307692 0.08173076923076923 0.12139423076923077
0 0.49278846153846156 0.4182692307692308 0.09615384615384616 0.15985576923076922
0 0.30649038461538464 0.5120192307692307 0.06370192307692307 0.10336538461538461
0 0.47596153846153844 0.5396634615384616 0.23317307692307693 0.21754807692307693
0 0.27163461538461536 0.6298076923076923 0.06490384615384616 0.10216346153846154
0 0.3125 0.7091346153846154 0.05889423076923077 0.052884615384615384
0 0.43028846153846156 0.7764423076923077 0.06850961538461539 0.08413461538461539
0 0.5360576923076923 0.8233173076923077 0.07091346153846154 0.09495192307692307
0 0.15865384615384615 0.16105769230769232 0.09735576923076923 0.08413461538461539
0 0.10096153846153846 0.25 0.056490384615384616 0.08413461538461539
0 0.4050480769230769 0.33052884615384615 0.07451923076923077 0.12139423076923077