0 0.9699519230769231 0.8149038461538461 0.05048076923076923 0.06370192307692307
0 0.78125 0.7151442307692307 0.07451923076923077 0.10216346153846154
0 0.7259615384615384 0.5757211538461539 0.19591346153846154 0.0733173076923077
0 0.7451923076923077 0.20552884615384615 0.06129807692307692 0.13221153846153846
0 0.6538461538461539 0.38822115384615385 0.042067307692307696 0.04567307692307692
0 0.5913461538461539 0.3557692307692308 0.04447115384615385 0.0733173076923077
0 0.5480769230769231 0.07211538461538461 0.04807692307692308 0.07451923076923077
0 0.5060096153846154 0.11538461538461539 0.037259615384615384 0.06129807692307692
0 0.4699519230769231 0.19110576923076922 0.04326923076923077 0.0733173076923077
0 0.29927884615384615 0.19831730769230768 0.036057692307692304 0.1201923076923077
0 0.3762019230769231 0.47716346153846156 0.039663461538461536 0.057692307692307696
0 0.2536057692307692 0.53125 0.0625 0.1141826923076923
0 0.052884615384615384 0.2283653846153846 0.03485576923076923 0.07091346153846154
0 0.27163461538461536 0.38822115384615385 0.03245192307692308 0.039663461538461536
0 0.5432692307692307 0.4206730769230769 0.052884615384615384 0.051682692307692304
0 0.4266826923076923 0.5637019230769231 0.0625 0.055288461538461536
0 0.4651442307692308 0.6935096153846154 0.03365384615384615 0.06129807692307692
0 0.4050480769230769 0.8641826923076923 0.046875 0.08653846153846154
0 0.2932692307692308 0.9675480769230769 0.04567307692307692 0.06370192307692307
0 0.28725961538461536 0.8052884615384616 0.078125 0.15264423076923078
0 0.6021634615384616 0.9723557692307693 0.03485576923076923 0.055288461538461536
0 0.6454326923076923 0.9567307692307693 0.046875 0.08653846153846154
0 0.6887019230769231 0.9423076923076923 0.04326923076923077 0.07451923076923077
0 0.8389423076923077 0.9795673076923077 0.04326923076923077 0.040865384615384616
0 0.78125 0.9495192307692307 0.08533653846153846 0.10096153846153846
0 0.734375 0.9795673076923077 0.0733173076923077 0.038461538461538464
0 0.6887019230769231 0.828125 0.037259615384615384 0.056490384615384616
0 0.6153846153846154 0.8197115384615384 0.03365384615384615 0.051682692307692304
0 0.6538461538461539 0.7163461538461539 0.04927884615384615 0.07572115384615384
0 0.5709134615384616 0.8197115384615384 0.0829326923076923 0.12379807692307693