0 0.8425480769230769 0.5685096153846154 0.08052884615384616 0.10817307692307693
0 0.5829326923076923 0.5420673076923077 0.08173076923076923 0.15144230769230768
0 0.9326923076923077 0.38461538461538464 0.1141826923076923 0.13341346153846154
0 0.8209134615384616 0.35216346153846156 0.057692307692307696 0.08413461538461539
0 0.8954326923076923 0.28966346153846156 0.07692307692307693 0.09495192307692307
0 0.9639423076923077 0.28725961538461536 0.07091346153846154 0.0829326923076923
0 0.6262019230769231 0.2860576923076923 0.08052884615384616 0.1201923076923077
0 0.16466346153846154 0.18870192307692307 0.06370192307692307 0.10336538461538461
0 0.26322115384615385 0.9122596153846154 0.11298076923076923 0.15985576923076922
0 0.9543269230769231 0.10096153846153846 0.0829326923076923 0.08774038461538461
0 0.49399038461538464 0.8894230769230769 0.06850961538461539 0.0985576923076923
0 0.8112980769230769 0.8846153846153846 0.05048076923076923 0.08052884615384616
0 0.18389423076923078 0.6959134615384616 0.12259615384615384 0.12379807692307693
0 0.5192307692307693 0.6502403846153846 0.08774038461538461 0.14423076923076922