0 0.030048076923076924 0.18509615384615385 0.05048076923076923 0.06370192307692307
0 0.21875 0.2848557692307692 0.07451923076923077 0.10216346153846154
0 0.27403846153846156 0.42427884615384615 0.19591346153846154 0.0733173076923077
0 0.2548076923076923 0.7944711538461539 0.06129807692307692 0.13221153846153846
0 0.34615384615384615 0.6117788461538461 0.042067307692307696 0.04567307692307692
0 0.40865384615384615 0.6442307692307693 0.04447115384615385 0.0733173076923077
0 0.4519230769230769 0.9278846153846154 0.04807692307692308 0.07451923076923077
0 0.49399038461538464 0.8846153846153846 0.037259615384615384 0.06129807692307692
0 0.5300480769230769 0.8088942307692307 0.04326923076923077 0.0733173076923077
0 0.7007211538461539 0.8016826923076923 0.036057692307692304 0.1201923076923077
0 0.6237980769230769 0.5228365384615384 0.039663461538461536 0.057692307692307696
0 0.7463942307692307 0.46875 0.0625 0.1141826923076923
0 0.9471153846153846 0.7716346153846154 0.03485576923076923 0.07091346153846154
0 0.7283653846153846 0.6117788461538461 0.03245192307692308 0.039663461538461536
0 0.4567307692307692 0.5793269230769231 0.052884615384615384 0.051682692307692304
0 0.5733173076923077 0.4362980769230769 0.0625 0.055288461538461536
0 0.5348557692307693 0.30649038461538464 0.03365384615384615 0.06129807692307692
0 0.5949519230769231 0.13581730769230768 0.046875 0.08653846153846154
0 0.7067307692307693 0.03245192307692308 0.04567307692307692 0.06370192307692307
0 0.7127403846153846 0.19471153846153846 0.078125 0.15264423076923078
0 0.39783653846153844 0.027644230769230768 0.03485576923076923 0.055288461538461536
0 0.3545673076923077 0.04326923076923077 0.046875 0.08653846153846154
0 0.3112980769230769 0.057692307692307696 0.04326923076923077 0.07451923076923077
0 0.16105769230769232 0.020432692307692308 0.04326923076923077 0.040865384615384616
0 0.21875 0.05048076923076923 0.08533653846153846 0.10096153846153846
0 0.265625 0.020432692307692308 0.0733173076923077 0.038461538461538464
0 0.3112980769230769 0.171875 0.037259615384615384 0.056490384615384616
0 0.38461538461538464 0.18028846153846154 0.03365384615384615 0.051682692307692304
0 0.34615384615384615 0.28365384615384615 0.04927884615384615 0.07572115384615384
0 0.42908653846153844 0.18028846153846154 0.0829326923076923 0.12379807692307693