0 0.3629807692307692 0.6153846153846154 0.052884615384615384 0.06610576923076923
0 0.24879807692307693 0.6033653846153846 0.06850961538461539 0.09254807692307693
0 0.3389423076923077 0.9567307692307693 0.06971153846153846 0.08533653846153846
0 0.8629807692307693 0.5144230769230769 0.06009615384615385 0.0733173076923077
0 0.3798076923076923 0.5108173076923077 0.04807692307692308 0.06009615384615385
0 0.3641826923076923 0.40625 0.0673076923076923 0.0985576923076923
0 0.45552884615384615 0.35336538461538464 0.052884615384615384 0.08653846153846154
0 0.6899038461538461 0.26802884615384615 0.07692307692307693 0.4855769230769231
0 0.6310096153846154 0.25721153846153844 0.046875 0.0625
0 0.828125 0.18990384615384615 0.040865384615384616 0.05048076923076923
0 0.15985576923076922 0.15264423076923078 0.04326923076923077 0.0673076923076923
0 0.3449519230769231 0.14423076923076922 0.06129807692307692 0.078125
0 0.5060096153846154 0.13581730769230768 0.06009615384615385 0.07091346153846154
0 0.9278846153846154 0.078125 0.06129807692307692 0.09375
0 0.7139423076923077 0.8725961538461539 0.038461538461538464 0.056490384615384616
0 0.15144230769230768 0.8365384615384616 0.07091346153846154 0.0889423076923077
0 0.5420673076923077 0.8257211538461539 0.06971153846153846 0.06490384615384616
0 0.15625 0.7620192307692307 0.08774038461538461 0.06370192307692307
0 0.8004807692307693 0.6454326923076923 0.042067307692307696 0.057692307692307696