0 0.7980769230769231 0.39903846153846156 0.0673076923076923 0.34615384615384615
0 0.026442307692307692 0.6490384615384616 0.052884615384615384 0.09134615384615384
0 0.6838942307692307 0.6526442307692307 0.04927884615384615 0.07932692307692307
0 0.10817307692307693 0.6586538461538461 0.09615384615384616 0.2127403846153846
0 0.7043269230769231 0.7223557692307693 0.06129807692307692 0.056490384615384616
0 0.7884615384615384 0.8137019230769231 0.056490384615384616 0.06971153846153846
0 0.3233173076923077 0.8798076923076923 0.06009615384615385 0.12259615384615384
0 0.5012019230769231 0.0889423076923077 0.057692307692307696 0.08774038461538461
0 0.6286057692307693 0.9230769230769231 0.07451923076923077 0.15384615384615385
0 0.12379807692307693 0.9651442307692307 0.054086538461538464 0.057692307692307696
0 0.578125 0.10336538461538461 0.10697115384615384 0.18509615384615385
0 0.6826923076923077 0.13822115384615385 0.039663461538461536 0.051682692307692304
0 0.24639423076923078 0.25600961538461536 0.052884615384615384 0.07692307692307693