0 0.3629807692307692 0.38461538461538464 0.052884615384615384 0.06610576923076923
0 0.24879807692307693 0.39663461538461536 0.06850961538461539 0.09254807692307693
0 0.3389423076923077 0.04326923076923077 0.06971153846153846 0.08533653846153846
0 0.8629807692307693 0.4855769230769231 0.06009615384615385 0.0733173076923077
0 0.3798076923076923 0.4891826923076923 0.04807692307692308 0.06009615384615385
0 0.3641826923076923 0.59375 0.0673076923076923 0.0985576923076923
0 0.45552884615384615 0.6466346153846154 0.052884615384615384 0.08653846153846154
0 0.6899038461538461 0.7319711538461539 0.07692307692307693 0.4855769230769231
0 0.6310096153846154 0.7427884615384616 0.046875 0.0625
0 0.828125 0.8100961538461539 0.040865384615384616 0.05048076923076923
0 0.15985576923076922 0.8473557692307693 0.04326923076923077 0.0673076923076923
0 0.3449519230769231 0.8557692307692307 0.06129807692307692 0.078125
0 0.5060096153846154 0.8641826923076923 0.06009615384615385 0.07091346153846154
0 0.9278846153846154 0.921875 0.06129807692307692 0.09375
0 0.7139423076923077 0.12740384615384615 0.038461538461538464 0.056490384615384616
0 0.15144230769230768 0.16346153846153846 0.07091346153846154 0.0889423076923077
0 0.5420673076923077 0.17427884615384615 0.06971153846153846 0.06490384615384616
0 0.15625 0.23798076923076922 0.08774038461538461 0.06370192307692307
0 0.8004807692307693 0.3545673076923077 0.042067307692307696 0.057692307692307696