0 0.20192307692307693 0.39903846153846156 0.0673076923076923 0.34615384615384615
0 0.9735576923076923 0.6490384615384616 0.052884615384615384 0.09134615384615384
0 0.3161057692307692 0.6526442307692307 0.04927884615384615 0.07932692307692307
0 0.8918269230769231 0.6586538461538461 0.09615384615384616 0.2127403846153846
0 0.2956730769230769 0.7223557692307693 0.06129807692307692 0.056490384615384616
0 0.21153846153846154 0.8137019230769231 0.056490384615384616 0.06971153846153846
0 0.6766826923076923 0.8798076923076923 0.06009615384615385 0.12259615384615384
0 0.4987980769230769 0.0889423076923077 0.057692307692307696 0.08774038461538461
0 0.3713942307692308 0.9230769230769231 0.07451923076923077 0.15384615384615385
0 0.8762019230769231 0.9651442307692307 0.054086538461538464 0.057692307692307696
0 0.421875 0.10336538461538461 0.10697115384615384 0.18509615384615385
0 0.3173076923076923 0.13822115384615385 0.039663461538461536 0.051682692307692304
0 0.7536057692307693 0.25600961538461536 0.052884615384615384 0.07692307692307693