0 0.7800480769230769 0.4230769230769231 0.09134615384615384 0.07091346153846154
0 0.3317307692307692 0.4699519230769231 0.046875 0.0889423076923077
0 0.17908653846153846 0.04927884615384615 0.06370192307692307 0.06370192307692307
0 0.2824519230769231 0.6598557692307693 0.08413461538461539 0.09014423076923077
0 0.9627403846153846 0.0733173076923077 0.0733173076923077 0.08533653846153846
0 0.5600961538461539 0.7584134615384616 0.056490384615384616 0.08052884615384616
0 0.14182692307692307 0.7632211538461539 0.09014423076923077 0.11298076923076923
0 0.6334134615384616 0.07692307692307693 0.11658653846153846 0.15384615384615385
0 0.5396634615384616 0.9471153846153846 0.08052884615384616 0.1045673076923077
0 0.09495192307692307 0.9579326923076923 0.13701923076923078 0.07211538461538461
0 0.5805288461538461 0.2608173076923077 0.06129807692307692 0.0889423076923077
0 0.03245192307692308 0.32091346153846156 0.06490384615384616 0.10336538461538461
0 0.6165865384615384 0.36538461538461536 0.06009615384615385 0.0889423076923077