0 0.8052884615384616 0.40024038461538464 0.09014423076923077 0.09975961538461539
0 0.33653846153846156 0.4110576923076923 0.07572115384615384 0.17548076923076922
0 0.9483173076923077 0.4855769230769231 0.057692307692307696 0.109375
0 0.23076923076923078 0.5144230769230769 0.054086538461538464 0.08052884615384616
0 0.35336538461538464 0.5420673076923077 0.04326923076923077 0.08533653846153846
0 0.65625 0.5444711538461539 0.06009615384615385 0.10817307692307693
0 0.5 0.6826923076923077 0.05048076923076923 0.10697115384615384
0 0.671875 0.6862980769230769 0.0829326923076923 0.12139423076923077
0 0.5913461538461539 0.7884615384615384 0.08774038461538461 0.1778846153846154
0 0.9158653846153846 0.08533653846153846 0.057692307692307696 0.0733173076923077
0 0.7127403846153846 0.9326923076923077 0.056490384615384616 0.07572115384615384
0 0.9206730769230769 0.15264423076923078 0.06009615384615385 0.06009615384615385
0 0.6502403846153846 0.22596153846153846 0.057692307692307696 0.06490384615384616