0 0.8052884615384616 0.5997596153846154 0.09014423076923077 0.09975961538461539
0 0.33653846153846156 0.5889423076923077 0.07572115384615384 0.17548076923076922
0 0.9483173076923077 0.5144230769230769 0.057692307692307696 0.109375
0 0.23076923076923078 0.4855769230769231 0.054086538461538464 0.08052884615384616
0 0.35336538461538464 0.4579326923076923 0.04326923076923077 0.08533653846153846
0 0.65625 0.45552884615384615 0.06009615384615385 0.10817307692307693
0 0.5 0.3173076923076923 0.05048076923076923 0.10697115384615384
0 0.671875 0.3137019230769231 0.0829326923076923 0.12139423076923077
0 0.5913461538461539 0.21153846153846154 0.08774038461538461 0.1778846153846154
0 0.9158653846153846 0.9146634615384616 0.057692307692307696 0.0733173076923077
0 0.7127403846153846 0.0673076923076923 0.056490384615384616 0.07572115384615384
0 0.9206730769230769 0.8473557692307693 0.06009615384615385 0.06009615384615385
0 0.6502403846153846 0.7740384615384616 0.057692307692307696 0.06490384615384616