0 0.296875 0.9603365384615384 0.046875 0.07451923076923077
0 0.8689903846153846 0.5132211538461539 0.057692307692307696 0.09375
0 0.6730769230769231 0.5060096153846154 0.07451923076923077 0.08533653846153846
0 0.7055288461538461 0.9350961538461539 0.05889423076923077 0.09375
0 0.2091346153846154 0.9290865384615384 0.06129807692307692 0.10697115384615384
0 0.3173076923076923 0.19230769230769232 0.10697115384615384 0.14783653846153846
0 0.36778846153846156 0.09495192307692307 0.07572115384615384 0.11778846153846154
0 0.71875 0.05048076923076923 0.07692307692307693 0.10096153846153846
0 0.15985576923076922 0.7788461538461539 0.057692307692307696 0.06850961538461539
0 0.4170673076923077 0.7668269230769231 0.09495192307692307 0.11057692307692307
0 0.18990384615384615 0.6478365384615384 0.04567307692307692 0.06490384615384616