0 0.44591346153846156 0.3870192307692308 0.03485576923076923 0.06370192307692307
0 0.5024038461538461 0.3942307692307692 0.036057692307692304 0.055288461538461536
0 0.4891826923076923 0.4639423076923077 0.04807692307692308 0.08533653846153846
0 0.44350961538461536 0.4795673076923077 0.038461538461538464 0.055288461538461536
0 0.5709134615384616 0.4831730769230769 0.04326923076923077 0.052884615384615384
0 0.4831730769230769 0.6189903846153846 0.03245192307692308 0.078125
0 0.4543269230769231 0.6502403846153846 0.03125 0.04927884615384615
0 0.3641826923076923 0.6983173076923077 0.037259615384615384 0.06370192307692307
0 0.8425480769230769 0.7223557692307693 0.06610576923076923 0.09615384615384616
0 0.6225961538461539 0.7487980769230769 0.04567307692307692 0.0625
0 0.5697115384615384 0.7487980769230769 0.03485576923076923 0.06850961538461539
0 0.7295673076923077 0.08052884615384616 0.052884615384615384 0.038461538461538464
0 0.5420673076923077 0.8149038461538461 0.04567307692307692 0.052884615384615384
0 0.5961538461538461 0.8653846153846154 0.055288461538461536 0.06490384615384616
0 0.578125 0.9170673076923077 0.06971153846153846 0.10336538461538461
0 0.9134615384615384 0.9507211538461539 0.038461538461538464 0.05048076923076923
0 0.5805288461538461 0.1141826923076923 0.039663461538461536 0.055288461538461536
0 0.6418269230769231 0.1310096153846154 0.026442307692307692 0.038461538461538464
0 0.06129807692307692 0.13221153846153846 0.04807692307692308 0.08173076923076923
0 0.8377403846153846 0.15384615384615385 0.03365384615384615 0.04927884615384615
0 0.8004807692307693 0.171875 0.03125 0.051682692307692304
0 0.4855769230769231 0.23317307692307693 0.03485576923076923 0.07451923076923077
0 0.44591346153846156 0.24158653846153846 0.03125 0.0673076923076923
0 0.5504807692307693 0.25841346153846156 0.04326923076923077 0.06370192307692307
0 0.5504807692307693 0.36177884615384615 0.040865384615384616 0.04927884615384615
0 0.828125 0.037259615384615384 0.04927884615384615 0.06971153846153846
0 0.7632211538461539 0.375 0.055288461538461536 0.1045673076923077