0 0.07692307692307693 0.6189903846153846 0.06129807692307692 0.07932692307692307
0 0.21514423076923078 0.6021634615384616 0.140625 0.1658653846153846
0 0.8028846153846154 0.5588942307692307 0.06009615384615385 0.08173076923076923
0 0.23317307692307693 0.9507211538461539 0.0625 0.0985576923076923
0 0.5685096153846154 0.41466346153846156 0.056490384615384616 0.18269230769230768
0 0.5216346153846154 0.32211538461538464 0.06850961538461539 0.05889423076923077
0 0.41225961538461536 0.25961538461538464 0.07211538461538461 0.13341346153846154
0 0.6586538461538461 0.24519230769230768 0.04447115384615385 0.06850961538461539
0 0.78125 0.2247596153846154 0.06850961538461539 0.1045673076923077
0 0.3449519230769231 0.9170673076923077 0.09375 0.1658653846153846
0 0.9615384615384616 0.140625 0.0673076923076923 0.09014423076923077
0 0.3016826923076923 0.09375 0.1045673076923077 0.06850961538461539
0 0.6923076923076923 0.08052884615384616 0.19110576923076922 0.16105769230769232
0 0.47115384615384615 0.04326923076923077 0.10096153846153846 0.08653846153846154
0 0.2932692307692308 0.8449519230769231 0.08052884615384616 0.109375
0 0.23197115384615385 0.7992788461538461 0.31490384615384615 0.3786057692307692
0 0.375 0.7836538461538461 0.046875 0.06490384615384616
0 0.6586538461538461 0.7764423076923077 0.13581730769230768 0.3557692307692308