0 0.6165865384615384 0.44591346153846156 0.03245192307692308 0.06971153846153846
0 0.8581730769230769 0.5336538461538461 0.06370192307692307 0.08173076923076923
0 0.7716346153846154 0.5865384615384616 0.046875 0.057692307692307696
0 0.7199519230769231 0.6574519230769231 0.140625 0.06370192307692307
0 0.46153846153846156 0.7067307692307693 0.03125 0.038461538461538464
0 0.30288461538461536 0.7451923076923077 0.036057692307692304 0.05048076923076923
0 0.8317307692307693 0.9278846153846154 0.037259615384615384 0.054086538461538464
0 0.7608173076923077 0.9411057692307693 0.03365384615384615 0.05048076923076923
0 0.7463942307692307 0.9783653846153846 0.037259615384615384 0.042067307692307696
0 0.7596153846153846 0.13701923076923078 0.039663461538461536 0.06850961538461539
0 0.7560096153846154 0.20793269230769232 0.038461538461538464 0.05048076923076923
0 0.9098557692307693 0.24639423076923078 0.051682692307692304 0.07091346153846154
0 0.5288461538461539 0.27403846153846156 0.09375 0.0985576923076923
0 0.32211538461538464 0.2824519230769231 0.040865384615384616 0.06490384615384616