0 0.23076923076923078 0.9507211538461539 0.05889423076923077 0.08052884615384616
0 0.1502403846153846 0.3641826923076923 0.037259615384615384 0.09975961538461539
0 0.19951923076923078 0.2764423076923077 0.04807692307692308 0.078125
0 0.21033653846153846 0.20432692307692307 0.04447115384615385 0.07211538461538461
0 0.38461538461538464 0.11298076923076923 0.08653846153846154 0.22596153846153846
0 0.24639423076923078 0.10096153846153846 0.042067307692307696 0.08173076923076923
0 0.6334134615384616 0.8641826923076923 0.04807692307692308 0.07211538461538461
0 0.19230769230769232 0.8533653846153846 0.03485576923076923 0.07451923076923077
0 0.2644230769230769 0.8425480769230769 0.039663461538461536 0.08052884615384616
0 0.20192307692307693 0.6526442307692307 0.04927884615384615 0.08533653846153846
0 0.44711538461538464 0.6382211538461539 0.09375 0.2608173076923077
0 0.6430288461538461 0.6358173076923077 0.0625 0.07692307692307693
0 0.13221153846153846 0.9639423076923077 0.052884615384615384 0.07211538461538461