0 0.7728365384615384 0.43028846153846156 0.0889423076923077 0.08653846153846154
0 0.8677884615384616 0.4567307692307692 0.0733173076923077 0.09014423076923077
0 0.7584134615384616 0.5276442307692307 0.10336538461538461 0.10336538461538461
0 0.9362980769230769 0.5444711538461539 0.0889423076923077 0.08653846153846154
0 0.5540865384615384 0.5733173076923077 0.09375 0.10336538461538461
0 0.6742788461538461 0.06009615384615385 0.09375 0.11778846153846154
0 0.15985576923076922 0.6069711538461539 0.10216346153846154 0.109375
0 0.4579326923076923 0.6081730769230769 0.05889423076923077 0.08533653846153846
0 0.9447115384615384 0.6442307692307693 0.09375 0.09495192307692307
0 0.5108173076923077 0.6646634615384616 0.078125 0.08653846153846154
0 0.3449519230769231 0.6742788461538461 0.10216346153846154 0.12139423076923077
0 0.6009615384615384 0.6766826923076923 0.10576923076923077 0.109375
0 0.21033653846153846 0.7175480769230769 0.1346153846153846 0.13341346153846154
0 0.5432692307692307 0.7307692307692307 0.051682692307692304 0.052884615384615384
0 0.3233173076923077 0.9110576923076923 0.09615384615384616 0.09735576923076923
0 0.6598557692307693 0.17908653846153846 0.09495192307692307 0.14543269230769232
0 0.42788461538461536 0.22956730769230768 0.12379807692307693 0.13341346153846154
0 0.6286057692307693 0.265625 0.0625 0.0733173076923077
0 0.8221153846153846 0.3425480769230769 0.09375 0.09134615384615384