0 0.5540865384615384 0.6129807692307693 0.03485576923076923 0.06370192307692307
0 0.49759615384615385 0.6057692307692307 0.036057692307692304 0.055288461538461536
0 0.5108173076923077 0.5360576923076923 0.04807692307692308 0.08533653846153846
0 0.5564903846153846 0.5204326923076923 0.038461538461538464 0.055288461538461536
0 0.42908653846153844 0.5168269230769231 0.04326923076923077 0.052884615384615384
0 0.5168269230769231 0.38100961538461536 0.03245192307692308 0.078125
0 0.5456730769230769 0.34975961538461536 0.03125 0.04927884615384615
0 0.6358173076923077 0.3016826923076923 0.037259615384615384 0.06370192307692307
0 0.15745192307692307 0.2776442307692308 0.06610576923076923 0.09615384615384616
0 0.37740384615384615 0.2512019230769231 0.04567307692307692 0.0625
0 0.43028846153846156 0.2512019230769231 0.03485576923076923 0.06850961538461539
0 0.2704326923076923 0.9194711538461539 0.052884615384615384 0.038461538461538464
0 0.4579326923076923 0.18509615384615385 0.04567307692307692 0.052884615384615384
0 0.40384615384615385 0.1346153846153846 0.055288461538461536 0.06490384615384616
0 0.421875 0.0829326923076923 0.06971153846153846 0.10336538461538461
0 0.08653846153846154 0.04927884615384615 0.038461538461538464 0.05048076923076923
0 0.41947115384615385 0.8858173076923077 0.039663461538461536 0.055288461538461536
0 0.3581730769230769 0.8689903846153846 0.026442307692307692 0.038461538461538464
0 0.9387019230769231 0.8677884615384616 0.04807692307692308 0.08173076923076923
0 0.1622596153846154 0.8461538461538461 0.03365384615384615 0.04927884615384615
0 0.19951923076923078 0.828125 0.03125 0.051682692307692304
0 0.5144230769230769 0.7668269230769231 0.03485576923076923 0.07451923076923077
0 0.5540865384615384 0.7584134615384616 0.03125 0.0673076923076923
0 0.4495192307692308 0.7415865384615384 0.04326923076923077 0.06370192307692307
0 0.4495192307692308 0.6382211538461539 0.040865384615384616 0.04927884615384615
0 0.171875 0.9627403846153846 0.04927884615384615 0.06971153846153846
0 0.23677884615384615 0.625 0.055288461538461536 0.1045673076923077