0 0.38341346153846156 0.5540865384615384 0.03245192307692308 0.06971153846153846
0 0.14182692307692307 0.46634615384615385 0.06370192307692307 0.08173076923076923
0 0.2283653846153846 0.41346153846153844 0.046875 0.057692307692307696
0 0.2800480769230769 0.3425480769230769 0.140625 0.06370192307692307
0 0.5384615384615384 0.2932692307692308 0.03125 0.038461538461538464
0 0.6971153846153846 0.2548076923076923 0.036057692307692304 0.05048076923076923
0 0.16826923076923078 0.07211538461538461 0.037259615384615384 0.054086538461538464
0 0.23918269230769232 0.05889423076923077 0.03365384615384615 0.05048076923076923
0 0.2536057692307692 0.021634615384615384 0.037259615384615384 0.042067307692307696
0 0.2403846153846154 0.8629807692307693 0.039663461538461536 0.06850961538461539
0 0.2439903846153846 0.7920673076923077 0.038461538461538464 0.05048076923076923
0 0.09014423076923077 0.7536057692307693 0.051682692307692304 0.07091346153846154
0 0.47115384615384615 0.7259615384615384 0.09375 0.0985576923076923
0 0.6778846153846154 0.7175480769230769 0.040865384615384616 0.06490384615384616