0 0.6165865384615384 0.5540865384615384 0.03245192307692308 0.06971153846153846
0 0.8581730769230769 0.46634615384615385 0.06370192307692307 0.08173076923076923
0 0.7716346153846154 0.41346153846153844 0.046875 0.057692307692307696
0 0.7199519230769231 0.3425480769230769 0.140625 0.06370192307692307
0 0.46153846153846156 0.2932692307692308 0.03125 0.038461538461538464
0 0.30288461538461536 0.2548076923076923 0.036057692307692304 0.05048076923076923
0 0.8317307692307693 0.07211538461538461 0.037259615384615384 0.054086538461538464
0 0.7608173076923077 0.05889423076923077 0.03365384615384615 0.05048076923076923
0 0.7463942307692307 0.021634615384615384 0.037259615384615384 0.042067307692307696
0 0.7596153846153846 0.8629807692307693 0.039663461538461536 0.06850961538461539
0 0.7560096153846154 0.7920673076923077 0.038461538461538464 0.05048076923076923
0 0.9098557692307693 0.7536057692307693 0.051682692307692304 0.07091346153846154
0 0.5288461538461539 0.7259615384615384 0.09375 0.0985576923076923
0 0.32211538461538464 0.7175480769230769 0.040865384615384616 0.06490384615384616