0 0.703125 0.039663461538461536 0.046875 0.07451923076923077
0 0.1310096153846154 0.48677884615384615 0.057692307692307696 0.09375
0 0.3269230769230769 0.49399038461538464 0.07451923076923077 0.08533653846153846
0 0.29447115384615385 0.06490384615384616 0.05889423076923077 0.09375
0 0.7908653846153846 0.07091346153846154 0.06129807692307692 0.10697115384615384
0 0.6826923076923077 0.8076923076923077 0.10697115384615384 0.14783653846153846
0 0.6322115384615384 0.9050480769230769 0.07572115384615384 0.11778846153846154
0 0.28125 0.9495192307692307 0.07692307692307693 0.10096153846153846
0 0.8401442307692307 0.22115384615384615 0.057692307692307696 0.06850961538461539
0 0.5829326923076923 0.23317307692307693 0.09495192307692307 0.11057692307692307
0 0.8100961538461539 0.35216346153846156 0.04567307692307692 0.06490384615384616