0 0.22716346153846154 0.5697115384615384 0.0889423076923077 0.08653846153846154
0 0.13221153846153846 0.5432692307692307 0.0733173076923077 0.09014423076923077
0 0.24158653846153846 0.4723557692307692 0.10336538461538461 0.10336538461538461
0 0.06370192307692307 0.45552884615384615 0.0889423076923077 0.08653846153846154
0 0.44591346153846156 0.4266826923076923 0.09375 0.10336538461538461
0 0.32572115384615385 0.9399038461538461 0.09375 0.11778846153846154
0 0.8401442307692307 0.39302884615384615 0.10216346153846154 0.109375
0 0.5420673076923077 0.3918269230769231 0.05889423076923077 0.08533653846153846
0 0.055288461538461536 0.3557692307692308 0.09375 0.09495192307692307
0 0.4891826923076923 0.33533653846153844 0.078125 0.08653846153846154
0 0.6550480769230769 0.32572115384615385 0.10216346153846154 0.12139423076923077
0 0.39903846153846156 0.3233173076923077 0.10576923076923077 0.109375
0 0.7896634615384616 0.2824519230769231 0.1346153846153846 0.13341346153846154
0 0.4567307692307692 0.2692307692307692 0.051682692307692304 0.052884615384615384
0 0.6766826923076923 0.0889423076923077 0.09615384615384616 0.09735576923076923
0 0.3401442307692308 0.8209134615384616 0.09495192307692307 0.14543269230769232
0 0.5721153846153846 0.7704326923076923 0.12379807692307693 0.13341346153846154
0 0.3713942307692308 0.734375 0.0625 0.0733173076923077
0 0.1778846153846154 0.6574519230769231 0.09375 0.09134615384615384