0 0.6814903846153846 0.4026442307692308 0.11658653846153846 0.171875
0 0.14903846153846154 0.40865384615384615 0.15745192307692307 0.15504807692307693
0 0.41947115384615385 0.4206730769230769 0.109375 0.15144230769230768
0 0.34615384615384615 0.5709134615384616 0.07692307692307693 0.11298076923076923
0 0.5456730769230769 0.5961538461538461 0.1502403846153846 0.20432692307692307
0 0.6694711538461539 0.6935096153846154 0.07211538461538461 0.10576923076923077
0 0.36778846153846156 0.7572115384615384 0.14783653846153846 0.2608173076923077
0 0.056490384615384616 0.8100961538461539 0.09014423076923077 0.11778846153846154
0 0.578125 0.8353365384615384 0.12740384615384615 0.20673076923076922
0 0.7463942307692307 0.8617788461538461 0.11658653846153846 0.15144230769230768
0 0.6322115384615384 0.18870192307692307 0.09495192307692307 0.11658653846153846