0 0.6814903846153846 0.5973557692307693 0.11658653846153846 0.171875
0 0.14903846153846154 0.5913461538461539 0.15745192307692307 0.15504807692307693
0 0.41947115384615385 0.5793269230769231 0.109375 0.15144230769230768
0 0.34615384615384615 0.42908653846153844 0.07692307692307693 0.11298076923076923
0 0.5456730769230769 0.40384615384615385 0.1502403846153846 0.20432692307692307
0 0.6694711538461539 0.30649038461538464 0.07211538461538461 0.10576923076923077
0 0.36778846153846156 0.24278846153846154 0.14783653846153846 0.2608173076923077
0 0.056490384615384616 0.18990384615384615 0.09014423076923077 0.11778846153846154
0 0.578125 0.16466346153846154 0.12740384615384615 0.20673076923076922
0 0.7463942307692307 0.13822115384615385 0.11658653846153846 0.15144230769230768
0 0.6322115384615384 0.8112980769230769 0.09495192307692307 0.11658653846153846