0 0.7439903846153846 0.9555288461538461 0.054086538461538464 0.07692307692307693
0 0.8016826923076923 0.5528846153846154 0.10096153846153846 0.23076923076923078
0 0.6550480769230769 0.9459134615384616 0.057692307692307696 0.08774038461538461
0 0.8509615384615384 0.4014423076923077 0.056490384615384616 0.0829326923076923
0 0.5588942307692307 0.9350961538461539 0.057692307692307696 0.07211538461538461
0 0.5865384615384616 0.2668269230769231 0.046875 0.07932692307692307
0 0.8461538461538461 0.20072115384615385 0.054086538461538464 0.15264423076923078
0 0.5757211538461539 0.19831730769230768 0.038461538461538464 0.07692307692307693
0 0.4110576923076923 0.11177884615384616 0.08774038461538461 0.21514423076923078
0 0.5372596153846154 0.09375 0.04326923076923077 0.0889423076923077
0 0.5925480769230769 0.8401442307692307 0.038461538461538464 0.06490384615384616
0 0.5240384615384616 0.8257211538461539 0.040865384615384616 0.08413461538461539
0 0.2091346153846154 0.9651442307692307 0.051682692307692304 0.06850961538461539
0 0.5889423076923077 0.6382211538461539 0.04927884615384615 0.06971153846153846
0 0.3449519230769231 0.6298076923076923 0.08533653846153846 0.2608173076923077
0 0.14423076923076922 0.625 0.05889423076923077 0.08774038461538461