0 0.25600961538461536 0.04447115384615385 0.054086538461538464 0.07692307692307693
0 0.19831730769230768 0.44711538461538464 0.10096153846153846 0.23076923076923078
0 0.3449519230769231 0.054086538461538464 0.057692307692307696 0.08774038461538461
0 0.14903846153846154 0.5985576923076923 0.056490384615384616 0.0829326923076923
0 0.4411057692307692 0.06490384615384616 0.057692307692307696 0.07211538461538461
0 0.41346153846153844 0.7331730769230769 0.046875 0.07932692307692307
0 0.15384615384615385 0.7992788461538461 0.054086538461538464 0.15264423076923078
0 0.42427884615384615 0.8016826923076923 0.038461538461538464 0.07692307692307693
0 0.5889423076923077 0.8882211538461539 0.08774038461538461 0.21514423076923078
0 0.46274038461538464 0.90625 0.04326923076923077 0.0889423076923077
0 0.4074519230769231 0.15985576923076922 0.038461538461538464 0.06490384615384616
0 0.47596153846153844 0.17427884615384615 0.040865384615384616 0.08413461538461539
0 0.7908653846153846 0.03485576923076923 0.051682692307692304 0.06850961538461539
0 0.4110576923076923 0.36177884615384615 0.04927884615384615 0.06971153846153846
0 0.6550480769230769 0.3701923076923077 0.08533653846153846 0.2608173076923077
0 0.8557692307692307 0.375 0.05889423076923077 0.08774038461538461