0 0.056490384615384616 0.9819711538461539 0.020432692307692308 0.019230769230769232
0 0.07451923076923077 0.7367788461538461 0.01201923076923077 0.026442307692307692
0 0.07932692307692307 0.7067307692307693 0.020432692307692308 0.030048076923076924
0 0.06610576923076923 0.7451923076923077 0.018028846153846152 0.057692307692307696
0 0.14302884615384615 0.78125 0.019230769230769232 0.02403846153846154
0 0.06490384615384616 0.625 0.021634615384615384 0.04567307692307692
0 0.09254807692307693 0.5348557692307693 0.020432692307692308 0.028846153846153848
0 0.046875 0.35216346153846156 0.020432692307692308 0.02403846153846154
0 0.018028846153846152 0.34375 0.026442307692307692 0.037259615384615384
0 0.09495192307692307 0.29927884615384615 0.015625 0.018028846153846152
0 0.06009615384615385 0.2608173076923077 0.03125 0.028846153846153848
0 0.009615384615384616 0.08653846153846154 0.018028846153846152 0.03125
0 0.09014423076923077 0.09495192307692307 0.03245192307692308 0.03485576923076923
0 0.25961538461538464 0.24639423076923078 0.027644230769230768 0.03245192307692308
0 0.30408653846153844 0.3269230769230769 0.036057692307692304 0.057692307692307696
0 0.30649038461538464 0.042067307692307696 0.042067307692307696 0.040865384615384616
0 0.36177884615384615 0.052884615384615384 0.02283653846153846 0.02283653846153846
0 0.33533653846153844 0.04927884615384615 0.03485576923076923 0.04326923076923077
0 0.3473557692307692 0.22355769230769232 0.05889423076923077 0.04447115384615385
0 0.3293269230769231 0.4651442307692308 0.020432692307692308 0.021634615384615384
0 0.3317307692307692 0.4326923076923077 0.021634615384615384 0.02403846153846154
0 0.19951923076923078 0.3954326923076923 0.021634615384615384 0.037259615384615384
0 0.36899038461538464 0.515625 0.028846153846153848 0.02403846153846154
0 0.4639423076923077 0.4495192307692308 0.016826923076923076 0.021634615384615384
0 0.4675480769230769 0.21634615384615385 0.018028846153846152 0.03245192307692308
0 0.5180288461538461 0.25240384615384615 0.019230769230769232 0.03485576923076923
0 0.5649038461538461 0.3870192307692308 0.02283653846153846 0.025240384615384616
0 0.6286057692307693 0.29447115384615385 0.027644230769230768 0.021634615384615384
0 0.6658653846153846 0.33653846153846156 0.019230769230769232 0.027644230769230768
0 0.5793269230769231 0.2127403846153846 0.015625 0.020432692307692308
0 0.5348557692307693 0.16706730769230768 0.020432692307692308 0.03365384615384615
0 0.6153846153846154 0.14543269230769232 0.02283653846153846 0.026442307692307692
0 0.6298076923076923 0.18990384615384615 0.040865384615384616 0.05048076923076923
0 0.7536057692307693 0.21995192307692307 0.026442307692307692 0.030048076923076924
0 0.8004807692307693 0.19110576923076922 0.027644230769230768 0.03125
0 0.8004807692307693 0.11057692307692307 0.021634615384615384 0.027644230769230768
0 0.7391826923076923 0.13341346153846154 0.02283653846153846 0.020432692307692308
0 0.703125 0.1045673076923077 0.030048076923076924 0.03245192307692308
0 0.8088942307692307 0.29447115384615385 0.02283653846153846 0.028846153846153848
0 0.8569711538461539 0.24519230769230768 0.020432692307692308 0.02283653846153846
0 0.9002403846153846 0.38341346153846156 0.0889423076923077 0.10576923076923077
0 0.9447115384615384 0.19831730769230768 0.020432692307692308 0.02403846153846154
0 0.9543269230769231 0.17307692307692307 0.02283653846153846 0.025240384615384616
0 0.9110576923076923 0.07692307692307693 0.030048076923076924 0.03365384615384615
0 0.9447115384615384 0.046875 0.016826923076923076 0.021634615384615384
0 0.9338942307692307 0.4543269230769231 0.020432692307692308 0.025240384615384616
0 0.8509615384615384 0.6009615384615384 0.026442307692307692 0.03125
0 0.8233173076923077 0.5480769230769231 0.04326923076923077 0.03365384615384615
0 0.9675480769230769 0.6033653846153846 0.016826923076923076 0.025240384615384616
0 0.8713942307692307 0.8245192307692307 0.055288461538461536 0.14783653846153846
0 0.8798076923076923 0.9302884615384616 0.02283653846153846 0.02403846153846154
0 0.9230769230769231 0.9603365384615384 0.019230769230769232 0.02403846153846154
0 0.9387019230769231 0.859375 0.020432692307692308 0.026442307692307692
0 0.7439903846153846 0.8413461538461539 0.02283653846153846 0.037259615384615384
0 0.6418269230769231 0.953125 0.02403846153846154 0.026442307692307692
0 0.6646634615384616 0.9759615384615384 0.02403846153846154 0.02283653846153846
0 0.5961538461538461 0.7764423076923077 0.020432692307692308 0.021634615384615384
0 0.7223557692307693 0.7199519230769231 0.016826923076923076 0.02283653846153846
0 0.5504807692307693 0.7632211538461539 0.015625 0.016826923076923076
0 0.43028846153846156 0.9807692307692307 0.018028846153846152 0.020432692307692308
0 0.33052884615384615 0.890625 0.019230769230769232 0.02403846153846154
0 0.2644230769230769 0.90625 0.02403846153846154 0.03365384615384615
0 0.28365384615384615 0.9194711538461539 0.025240384615384616 0.025240384615384616
0 0.2091346153846154 0.9747596153846154 0.014423076923076924 0.021634615384615384
0 0.24759615384615385 0.7331730769230769 0.02283653846153846 0.025240384615384616
0 0.36899038461538464 0.7151442307692307 0.020432692307692308 0.027644230769230768
0 0.3112980769230769 0.6610576923076923 0.020432692307692308 0.03365384615384615
0 0.34134615384615385 0.5588942307692307 0.02403846153846154 0.030048076923076924
0 0.13341346153846154 0.45913461538461536 0.025240384615384616 0.036057692307692304
0 0.4735576923076923 0.6322115384615384 0.015625 0.02283653846153846
0 0.9362980769230769 0.02283653846153846 0.013221153846153846 0.02283653846153846
0 0.09615384615384616 0.9387019230769231 0.014423076923076924 0.014423076923076924
0 0.2824519230769231 0.8137019230769231 0.03485576923076923 0.026442307692307692
0 0.1466346153846154 0.3858173076923077 0.013221153846153846 0.016826923076923076
0 0.16466346153846154 0.3954326923076923 0.018028846153846152 0.026442307692307692
0 0.38221153846153844 0.2932692307692308 0.02283653846153846 0.03125
0 0.4014423076923077 0.28846153846153844 0.019230769230769232 0.03125