0 0.8822115384615384 0.9567307692307693 0.0625 0.08052884615384616
0 0.8064903846153846 0.5192307692307693 0.109375 0.1658653846153846
0 0.17307692307692307 0.42788461538461536 0.051682692307692304 0.08653846153846154
0 0.5300480769230769 0.4206730769230769 0.06009615384615385 0.08653846153846154
0 0.31009615384615385 0.3173076923076923 0.051682692307692304 0.09254807692307693
0 0.25600961538461536 0.24158653846153846 0.040865384615384616 0.08533653846153846
0 0.6586538461538461 0.17427884615384615 0.06129807692307692 0.1201923076923077
0 0.31850961538461536 0.17067307692307693 0.06610576923076923 0.13341346153846154
0 0.3954326923076923 0.057692307692307696 0.06850961538461539 0.1141826923076923
0 0.5817307692307693 0.04927884615384615 0.06610576923076923 0.0985576923076923
0 0.44711538461538464 0.8449519230769231 0.06610576923076923 0.0829326923076923
0 0.9567307692307693 0.8233173076923077 0.057692307692307696 0.09014423076923077
0 0.19831730769230768 0.8221153846153846 0.051682692307692304 0.08653846153846154
0 0.08052884615384616 0.8137019230769231 0.06850961538461539 0.11778846153846154
0 0.1814903846153846 0.7283653846153846 0.05889423076923077 0.09495192307692307
0 0.4723557692307692 0.7223557692307693 0.06610576923076923 0.0985576923076923
0 0.6502403846153846 0.6862980769230769 0.038461538461538464 0.0625
0 0.0733173076923077 0.640625 0.1466346153846154 0.13221153846153846