0 0.037259615384615384 0.08052884615384616 0.020432692307692308 0.027644230769230768
0 0.17307692307692307 0.051682692307692304 0.018028846153846152 0.025240384615384616
0 0.057692307692307696 0.2127403846153846 0.018028846153846152 0.02403846153846154
0 0.13822115384615385 0.27283653846153844 0.021634615384615384 0.03125
0 0.1346153846153846 0.45072115384615385 0.026442307692307692 0.03485576923076923
0 0.07091346153846154 0.5709134615384616 0.020432692307692308 0.026442307692307692
0 0.04326923076923077 0.5805288461538461 0.020432692307692308 0.028846153846153848
0 0.038461538461538464 0.6658653846153846 0.018028846153846152 0.030048076923076924
0 0.014423076923076924 0.9615384615384616 0.016826923076923076 0.025240384615384616
0 0.019230769230769232 0.984375 0.015625 0.02283653846153846
0 0.09134615384615384 0.9399038461538461 0.020432692307692308 0.025240384615384616
0 0.16105769230769232 0.7560096153846154 0.019230769230769232 0.019230769230769232
0 0.21875 0.8221153846153846 0.026442307692307692 0.030048076923076924
0 0.23677884615384615 0.8064903846153846 0.020432692307692308 0.026442307692307692
0 0.18509615384615385 0.5757211538461539 0.02403846153846154 0.046875
0 0.2980769230769231 0.1658653846153846 0.015625 0.03485576923076923
0 0.23557692307692307 0.24879807692307693 0.018028846153846152 0.02403846153846154
0 0.16947115384615385 0.33653846153846156 0.019230769230769232 0.020432692307692308
0 0.26802884615384615 0.4230769230769231 0.019230769230769232 0.026442307692307692
0 0.27884615384615385 0.3786057692307692 0.021634615384615384 0.039663461538461536
0 0.2608173076923077 0.5324519230769231 0.021634615384615384 0.04447115384615385
0 0.3137019230769231 0.6213942307692307 0.021634615384615384 0.02403846153846154
0 0.3233173076923077 0.6009615384615384 0.016826923076923076 0.019230769230769232
0 0.2848557692307692 0.8353365384615384 0.020432692307692308 0.020432692307692308
0 0.38461538461538464 0.7463942307692307 0.020432692307692308 0.018028846153846152
0 0.5048076923076923 0.9591346153846154 0.016826923076923076 0.02283653846153846
0 0.5492788461538461 0.9471153846153846 0.02283653846153846 0.025240384615384616
0 0.6935096153846154 0.8834134615384616 0.02283653846153846 0.039663461538461536
0 0.8161057692307693 0.9050480769230769 0.055288461538461536 0.15504807692307693
0 0.6141826923076923 0.75 0.020432692307692308 0.02283653846153846
0 0.5925480769230769 0.7716346153846154 0.025240384615384616 0.02403846153846154
0 0.5901442307692307 0.6478365384615384 0.021634615384615384 0.02403846153846154
0 0.5877403846153846 0.6081730769230769 0.015625 0.025240384615384616
0 0.5108173076923077 0.7127403846153846 0.021634615384615384 0.026442307692307692
0 0.4879807692307692 0.7259615384615384 0.027644230769230768 0.026442307692307692
0 0.46274038461538464 0.7283653846153846 0.02283653846153846 0.03245192307692308
0 0.4567307692307692 0.6262019230769231 0.020432692307692308 0.02283653846153846
0 0.4098557692307692 0.625 0.016826923076923076 0.014423076923076924
0 0.4723557692307692 0.4543269230769231 0.020432692307692308 0.026442307692307692
0 0.3870192307692308 0.42788461538461536 0.030048076923076924 0.03125
0 0.34375 0.44471153846153844 0.03245192307692308 0.026442307692307692
0 0.4026442307692308 0.3245192307692308 0.02283653846153846 0.027644230769230768
0 0.43028846153846156 0.3641826923076923 0.016826923076923076 0.027644230769230768
0 0.40865384615384615 0.34975961538461536 0.03485576923076923 0.04927884615384615
0 0.453125 0.2668269230769231 0.016826923076923076 0.020432692307692308
0 0.47836538461538464 0.28125 0.021634615384615384 0.03245192307692308
0 0.43028846153846156 0.17908653846153846 0.025240384615384616 0.03485576923076923
0 0.49158653846153844 0.203125 0.020432692307692308 0.02403846153846154
0 0.3557692307692308 0.2091346153846154 0.02283653846153846 0.025240384615384616
0 0.5769230769230769 0.4891826923076923 0.042067307692307696 0.09735576923076923
0 0.6430288461538461 0.484375 0.02403846153846154 0.03125
0 0.7055288461538461 0.4963942307692308 0.019230769230769232 0.03245192307692308
0 0.7944711538461539 0.32211538461538464 0.020432692307692308 0.03125
0 0.7824519230769231 0.2704326923076923 0.021634615384615384 0.028846153846153848
0 0.7103365384615384 0.2403846153846154 0.018028846153846152 0.026442307692307692
0 0.7091346153846154 0.375 0.018028846153846152 0.027644230769230768
0 0.5625 0.09014423076923077 0.028846153846153848 0.028846153846153848
0 0.5757211538461539 0.28365384615384615 0.020432692307692308 0.03125
0 0.5625 0.038461538461538464 0.019230769230769232 0.02403846153846154
0 0.6346153846153846 0.15985576923076922 0.046875 0.30528846153846156
0 0.7560096153846154 0.140625 0.025240384615384616 0.03485576923076923
0 0.8233173076923077 0.06370192307692307 0.019230769230769232 0.030048076923076924
0 0.8473557692307693 0.1045673076923077 0.02283653846153846 0.030048076923076924
0 0.8713942307692307 0.020432692307692308 0.018028846153846152 0.02403846153846154
0 0.8725961538461539 0.046875 0.020432692307692308 0.025240384615384616
0 0.9591346153846154 0.06129807692307692 0.036057692307692304 0.027644230769230768
0 0.9579326923076923 0.23798076923076922 0.020432692307692308 0.03245192307692308
0 0.9302884615384616 0.2704326923076923 0.025240384615384616 0.039663461538461536
0 0.8473557692307693 0.3858173076923077 0.02403846153846154 0.027644230769230768
0 0.9230769230769231 0.5 0.018028846153846152 0.030048076923076924
0 0.9014423076923077 0.5360576923076923 0.03245192307692308 0.06009615384615385
0 0.9350961538461539 0.5925480769230769 0.021634615384615384 0.030048076923076924
0 0.8605769230769231 0.6550480769230769 0.018028846153846152 0.021634615384615384
0 0.859375 0.7644230769230769 0.016826923076923076 0.02283653846153846
0 0.9555288461538461 0.8786057692307693 0.030048076923076924 0.04447115384615385
0 0.8774038461538461 0.8665865384615384 0.019230769230769232 0.021634615384615384
0 0.7944711538461539 0.6598557692307693 0.019230769230769232 0.026442307692307692
0 0.19951923076923078 0.9867788461538461 0.02403846153846154 0.026442307692307692
0 0.234375 0.9086538461538461 0.038461538461538464 0.026442307692307692
0 0.7019230769230769 0.7079326923076923 0.03245192307692308 0.06370192307692307
0 0.8209134615384616 0.796875 0.02283653846153846 0.027644230769230768
0 0.7620192307692307 0.39903846153846156 0.019230769230769232 0.03125
0 0.6959134615384616 0.3401442307692308 0.020432692307692308 0.03485576923076923
0 0.6418269230769231 0.38100961538461536 0.015625 0.02283653846153846