0 0.11778846153846154 0.04326923076923077 0.0625 0.08052884615384616
0 0.1935096153846154 0.4807692307692308 0.109375 0.1658653846153846
0 0.8269230769230769 0.5721153846153846 0.051682692307692304 0.08653846153846154
0 0.4699519230769231 0.5793269230769231 0.06009615384615385 0.08653846153846154
0 0.6899038461538461 0.6826923076923077 0.051682692307692304 0.09254807692307693
0 0.7439903846153846 0.7584134615384616 0.040865384615384616 0.08533653846153846
0 0.34134615384615385 0.8257211538461539 0.06129807692307692 0.1201923076923077
0 0.6814903846153846 0.8293269230769231 0.06610576923076923 0.13341346153846154
0 0.6045673076923077 0.9423076923076923 0.06850961538461539 0.1141826923076923
0 0.4182692307692308 0.9507211538461539 0.06610576923076923 0.0985576923076923
0 0.5528846153846154 0.15504807692307693 0.06610576923076923 0.0829326923076923
0 0.04326923076923077 0.17668269230769232 0.057692307692307696 0.09014423076923077
0 0.8016826923076923 0.1778846153846154 0.051682692307692304 0.08653846153846154
0 0.9194711538461539 0.18629807692307693 0.06850961538461539 0.11778846153846154
0 0.8185096153846154 0.27163461538461536 0.05889423076923077 0.09495192307692307
0 0.5276442307692307 0.2776442307692308 0.06610576923076923 0.0985576923076923
0 0.34975961538461536 0.3137019230769231 0.038461538461538464 0.0625
0 0.9266826923076923 0.359375 0.1466346153846154 0.13221153846153846