0 0.037259615384615384 0.9194711538461539 0.020432692307692308 0.027644230769230768
0 0.17307692307692307 0.9483173076923077 0.018028846153846152 0.025240384615384616
0 0.057692307692307696 0.7872596153846154 0.018028846153846152 0.02403846153846154
0 0.13822115384615385 0.7271634615384616 0.021634615384615384 0.03125
0 0.1346153846153846 0.5492788461538461 0.026442307692307692 0.03485576923076923
0 0.07091346153846154 0.42908653846153844 0.020432692307692308 0.026442307692307692
0 0.04326923076923077 0.41947115384615385 0.020432692307692308 0.028846153846153848
0 0.038461538461538464 0.33413461538461536 0.018028846153846152 0.030048076923076924
0 0.014423076923076924 0.038461538461538464 0.016826923076923076 0.025240384615384616
0 0.019230769230769232 0.015625 0.015625 0.02283653846153846
0 0.09134615384615384 0.06009615384615385 0.020432692307692308 0.025240384615384616
0 0.16105769230769232 0.2439903846153846 0.019230769230769232 0.019230769230769232
0 0.21875 0.1778846153846154 0.026442307692307692 0.030048076923076924
0 0.23677884615384615 0.1935096153846154 0.020432692307692308 0.026442307692307692
0 0.18509615384615385 0.42427884615384615 0.02403846153846154 0.046875
0 0.2980769230769231 0.8341346153846154 0.015625 0.03485576923076923
0 0.23557692307692307 0.7512019230769231 0.018028846153846152 0.02403846153846154
0 0.16947115384615385 0.6634615384615384 0.019230769230769232 0.020432692307692308
0 0.26802884615384615 0.5769230769230769 0.019230769230769232 0.026442307692307692
0 0.27884615384615385 0.6213942307692307 0.021634615384615384 0.039663461538461536
0 0.2608173076923077 0.4675480769230769 0.021634615384615384 0.04447115384615385
0 0.3137019230769231 0.3786057692307692 0.021634615384615384 0.02403846153846154
0 0.3233173076923077 0.39903846153846156 0.016826923076923076 0.019230769230769232
0 0.2848557692307692 0.16466346153846154 0.020432692307692308 0.020432692307692308
0 0.38461538461538464 0.2536057692307692 0.020432692307692308 0.018028846153846152
0 0.5048076923076923 0.040865384615384616 0.016826923076923076 0.02283653846153846
0 0.5492788461538461 0.052884615384615384 0.02283653846153846 0.025240384615384616
0 0.6935096153846154 0.11658653846153846 0.02283653846153846 0.039663461538461536
0 0.8161057692307693 0.09495192307692307 0.055288461538461536 0.15504807692307693
0 0.6141826923076923 0.25 0.020432692307692308 0.02283653846153846
0 0.5925480769230769 0.2283653846153846 0.025240384615384616 0.02403846153846154
0 0.5901442307692307 0.35216346153846156 0.021634615384615384 0.02403846153846154
0 0.5877403846153846 0.3918269230769231 0.015625 0.025240384615384616
0 0.5108173076923077 0.28725961538461536 0.021634615384615384 0.026442307692307692
0 0.4879807692307692 0.27403846153846156 0.027644230769230768 0.026442307692307692
0 0.46274038461538464 0.27163461538461536 0.02283653846153846 0.03245192307692308
0 0.4567307692307692 0.3737980769230769 0.020432692307692308 0.02283653846153846
0 0.4098557692307692 0.375 0.016826923076923076 0.014423076923076924
0 0.4723557692307692 0.5456730769230769 0.020432692307692308 0.026442307692307692
0 0.3870192307692308 0.5721153846153846 0.030048076923076924 0.03125
0 0.34375 0.5552884615384616 0.03245192307692308 0.026442307692307692
0 0.4026442307692308 0.6754807692307693 0.02283653846153846 0.027644230769230768
0 0.43028846153846156 0.6358173076923077 0.016826923076923076 0.027644230769230768
0 0.40865384615384615 0.6502403846153846 0.03485576923076923 0.04927884615384615
0 0.453125 0.7331730769230769 0.016826923076923076 0.020432692307692308
0 0.47836538461538464 0.71875 0.021634615384615384 0.03245192307692308
0 0.43028846153846156 0.8209134615384616 0.025240384615384616 0.03485576923076923
0 0.49158653846153844 0.796875 0.020432692307692308 0.02403846153846154
0 0.3557692307692308 0.7908653846153846 0.02283653846153846 0.025240384615384616
0 0.5769230769230769 0.5108173076923077 0.042067307692307696 0.09735576923076923
0 0.6430288461538461 0.515625 0.02403846153846154 0.03125
0 0.7055288461538461 0.5036057692307693 0.019230769230769232 0.03245192307692308
0 0.7944711538461539 0.6778846153846154 0.020432692307692308 0.03125
0 0.7824519230769231 0.7295673076923077 0.021634615384615384 0.028846153846153848
0 0.7103365384615384 0.7596153846153846 0.018028846153846152 0.026442307692307692
0 0.7091346153846154 0.625 0.018028846153846152 0.027644230769230768
0 0.5625 0.9098557692307693 0.028846153846153848 0.028846153846153848
0 0.5757211538461539 0.7163461538461539 0.020432692307692308 0.03125
0 0.5625 0.9615384615384616 0.019230769230769232 0.02403846153846154
0 0.6346153846153846 0.8401442307692307 0.046875 0.30528846153846156
0 0.7560096153846154 0.859375 0.025240384615384616 0.03485576923076923
0 0.8233173076923077 0.9362980769230769 0.019230769230769232 0.030048076923076924
0 0.8473557692307693 0.8954326923076923 0.02283653846153846 0.030048076923076924
0 0.8713942307692307 0.9795673076923077 0.018028846153846152 0.02403846153846154
0 0.8725961538461539 0.953125 0.020432692307692308 0.025240384615384616
0 0.9591346153846154 0.9387019230769231 0.036057692307692304 0.027644230769230768
0 0.9579326923076923 0.7620192307692307 0.020432692307692308 0.03245192307692308
0 0.9302884615384616 0.7295673076923077 0.025240384615384616 0.039663461538461536
0 0.8473557692307693 0.6141826923076923 0.02403846153846154 0.027644230769230768
0 0.9230769230769231 0.5 0.018028846153846152 0.030048076923076924
0 0.9014423076923077 0.4639423076923077 0.03245192307692308 0.06009615384615385
0 0.9350961538461539 0.4074519230769231 0.021634615384615384 0.030048076923076924
0 0.8605769230769231 0.3449519230769231 0.018028846153846152 0.021634615384615384
0 0.859375 0.23557692307692307 0.016826923076923076 0.02283653846153846
0 0.9555288461538461 0.12139423076923077 0.030048076923076924 0.04447115384615385
0 0.8774038461538461 0.13341346153846154 0.019230769230769232 0.021634615384615384
0 0.7944711538461539 0.3401442307692308 0.019230769230769232 0.026442307692307692
0 0.19951923076923078 0.013221153846153846 0.02403846153846154 0.026442307692307692
0 0.234375 0.09134615384615384 0.038461538461538464 0.026442307692307692
0 0.7019230769230769 0.2920673076923077 0.03245192307692308 0.06370192307692307
0 0.8209134615384616 0.203125 0.02283653846153846 0.027644230769230768
0 0.7620192307692307 0.6009615384615384 0.019230769230769232 0.03125
0 0.6959134615384616 0.6598557692307693 0.020432692307692308 0.03485576923076923
0 0.6418269230769231 0.6189903846153846 0.015625 0.02283653846153846