0 0.11778846153846154 0.9567307692307693 0.0625 0.08052884615384616
0 0.1935096153846154 0.5192307692307693 0.109375 0.1658653846153846
0 0.8269230769230769 0.42788461538461536 0.051682692307692304 0.08653846153846154
0 0.4699519230769231 0.4206730769230769 0.06009615384615385 0.08653846153846154
0 0.6899038461538461 0.3173076923076923 0.051682692307692304 0.09254807692307693
0 0.7439903846153846 0.24158653846153846 0.040865384615384616 0.08533653846153846
0 0.34134615384615385 0.17427884615384615 0.06129807692307692 0.1201923076923077
0 0.6814903846153846 0.17067307692307693 0.06610576923076923 0.13341346153846154
0 0.6045673076923077 0.057692307692307696 0.06850961538461539 0.1141826923076923
0 0.4182692307692308 0.04927884615384615 0.06610576923076923 0.0985576923076923
0 0.5528846153846154 0.8449519230769231 0.06610576923076923 0.0829326923076923
0 0.04326923076923077 0.8233173076923077 0.057692307692307696 0.09014423076923077
0 0.8016826923076923 0.8221153846153846 0.051682692307692304 0.08653846153846154
0 0.9194711538461539 0.8137019230769231 0.06850961538461539 0.11778846153846154
0 0.8185096153846154 0.7283653846153846 0.05889423076923077 0.09495192307692307
0 0.5276442307692307 0.7223557692307693 0.06610576923076923 0.0985576923076923
0 0.34975961538461536 0.6862980769230769 0.038461538461538464 0.0625
0 0.9266826923076923 0.640625 0.1466346153846154 0.13221153846153846