0 0.12860576923076922 0.515625 0.054086538461538464 0.0625
0 0.3004807692307692 0.4182692307692308 0.040865384615384616 0.06129807692307692
0 0.2403846153846154 0.5228365384615384 0.03125 0.04567307692307692
0 0.13341346153846154 0.7415865384615384 0.04927884615384615 0.0625
0 0.42908653846153844 0.828125 0.042067307692307696 0.06370192307692307
0 0.5192307692307693 0.7259615384615384 0.042067307692307696 0.06129807692307692
0 0.5204326923076923 0.6538461538461539 0.057692307692307696 0.06610576923076923
0 0.6478365384615384 0.7980769230769231 0.04447115384615385 0.04567307692307692
0 0.6177884615384616 0.8413461538461539 0.046875 0.039663461538461536
0 0.9170673076923077 0.8557692307692307 0.0625 0.0985576923076923
0 0.6754807692307693 0.5625 0.03485576923076923 0.055288461538461536
0 0.9423076923076923 0.328125 0.056490384615384616 0.06370192307692307
0 0.8557692307692307 0.12860576923076922 0.039663461538461536 0.05889423076923077
0 0.484375 0.16346153846153846 0.04567307692307692 0.06129807692307692
0 0.37740384615384615 0.6009615384615384 0.06370192307692307 0.08653846153846154
0 0.75 0.19831730769230768 0.025240384615384616 0.040865384615384616
0 0.22115384615384615 0.22596153846153846 0.02403846153846154 0.030048076923076924