0 0.4254807692307692 0.5985576923076923 0.0829326923076923 0.21514423076923078
0 0.5096153846153846 0.3858173076923077 0.046875 0.056490384615384616
0 0.6069711538461539 0.3786057692307692 0.04807692307692308 0.0673076923076923
0 0.4375 0.9326923076923077 0.056490384615384616 0.09375
0 0.5348557692307693 0.20072115384615385 0.08533653846153846 0.15264423076923078
0 0.15985576923076922 0.14182692307692307 0.04927884615384615 0.0673076923076923
0 0.04927884615384615 0.9098557692307693 0.0625 0.09014423076923077
0 0.4795673076923077 0.09134615384615384 0.08653846153846154 0.16706730769230768
0 0.5288461538461539 0.9026442307692307 0.06129807692307692 0.07692307692307693
0 0.31971153846153844 0.8870192307692307 0.06129807692307692 0.06370192307692307
0 0.5408653846153846 0.796875 0.06610576923076923 0.09495192307692307
0 0.6995192307692307 0.7403846153846154 0.05048076923076923 0.08052884615384616
0 0.33052884615384615 0.6838942307692307 0.0673076923076923 0.11538461538461539
0 0.24158653846153846 0.6790865384615384 0.1045673076923077 0.17548076923076922