0 0.6899038461538461 0.38221153846153844 0.22355769230769232 0.12740384615384615
0 0.20432692307692307 0.4182692307692308 0.09134615384615384 0.10336538461538461
0 0.6442307692307693 0.4951923076923077 0.09495192307692307 0.08653846153846154
0 0.3173076923076923 0.5264423076923077 0.11057692307692307 0.1310096153846154
0 0.6177884615384616 0.5901442307692307 0.10576923076923077 0.056490384615384616
0 0.2764423076923077 0.6526442307692307 0.09014423076923077 0.06610576923076923
0 0.5072115384615384 0.6646634615384616 0.0625 0.05048076923076923
0 0.7824519230769231 0.6694711538461539 0.09975961538461539 0.12980769230769232
0 0.24759615384615385 0.1310096153846154 0.11658653846153846 0.22355769230769232
0 0.4387019230769231 0.1466346153846154 0.08774038461538461 0.06129807692307692
0 0.7247596153846154 0.22355769230769232 0.10576923076923077 0.07451923076923077