0 0.45552884615384615 0.32211538461538464 0.16346153846153846 0.07211538461538461
0 0.37740384615384615 0.36658653846153844 0.09375 0.08533653846153846
0 0.5925480769230769 0.4014423076923077 0.12860576923076922 0.051682692307692304
0 0.38341346153846156 0.4579326923076923 0.10216346153846154 0.08774038461538461
0 0.59375 0.5060096153846154 0.12379807692307693 0.08173076923076923
0 0.4074519230769231 0.6213942307692307 0.11899038461538461 0.08533653846153846
0 0.27283653846153844 0.671875 0.11298076923076923 0.08173076923076923
0 0.49038461538461536 0.6875 0.12980769230769232 0.07932692307692307
0 0.6310096153846154 0.6911057692307693 0.10216346153846154 0.07692307692307693
0 0.14182692307692307 0.7175480769230769 0.13701923076923078 0.0889423076923077
0 0.28846153846153844 0.7548076923076923 0.12259615384615384 0.078125
0 0.6382211538461539 0.1346153846153846 0.12980769230769232 0.09735576923076923
0 0.47716346153846156 0.21394230769230768 0.109375 0.08774038461538461
0 0.35697115384615385 0.27163461538461536 0.17908653846153846 0.05048076923076923