0 0.8389423076923077 0.5757211538461539 0.06850961538461539 0.06009615384615385
0 0.6959134615384616 0.41466346153846156 0.07091346153846154 0.06490384615384616
0 0.6586538461538461 0.39663461538461536 0.04326923076923077 0.027644230769230768
0 0.6442307692307693 0.36778846153846156 0.054086538461538464 0.039663461538461536
0 0.49759615384615385 0.6826923076923077 0.0889423076923077 0.07211538461538461
0 0.5192307692307693 0.7199519230769231 0.11778846153846154 0.0625
0 0.5612980769230769 0.6009615384615384 0.0829326923076923 0.07932692307692307
0 0.41947115384615385 0.6081730769230769 0.08413461538461539 0.09615384615384616
0 0.38341346153846156 0.5985576923076923 0.07932692307692307 0.09735576923076923
0 0.44711538461538464 0.5084134615384616 0.07572115384615384 0.07211538461538461
0 0.6310096153846154 0.41947115384615385 0.078125 0.052884615384615384
0 0.5961538461538461 0.3629807692307692 0.06610576923076923 0.07692307692307693
0 0.4699519230769231 0.44591346153846156 0.06129807692307692 0.052884615384615384
0 0.5252403846153846 0.46033653846153844 0.07572115384615384 0.051682692307692304
0 0.5661057692307693 0.48677884615384615 0.057692307692307696 0.03485576923076923
0 0.6286057692307693 0.46875 0.125 0.0829326923076923
0 0.6117788461538461 0.5060096153846154 0.06129807692307692 0.038461538461538464
0 0.6418269230769231 0.546875 0.078125 0.0733173076923077
0 0.5817307692307693 0.5576923076923077 0.06009615384615385 0.03245192307692308
0 0.5420673076923077 0.5180288461538461 0.09134615384615384 0.056490384615384616
0 0.21875 0.5865384615384616 0.08533653846153846 0.03125
0 0.20673076923076922 0.6165865384615384 0.04807692307692308 0.036057692307692304