0 0.21875 0.8221153846153846 0.1622596153846154 0.09134615384615384
0 0.3786057692307692 0.8713942307692307 0.14423076923076922 0.08653846153846154
0 0.36899038461538464 0.7692307692307693 0.2283653846153846 0.051682692307692304
0 0.4483173076923077 0.8497596153846154 0.12620192307692307 0.08533653846153846
0 0.59375 0.8629807692307693 0.09495192307692307 0.05889423076923077
0 0.21033653846153846 0.7127403846153846 0.17668269230769232 0.0673076923076923
0 0.3485576923076923 0.5901442307692307 0.10096153846153846 0.11899038461538461
0 0.4362980769230769 0.546875 0.13341346153846154 0.08173076923076923
0 0.5432692307692307 0.6057692307692307 0.18269230769230768 0.057692307692307696
0 0.4362980769230769 0.4963942307692308 0.22716346153846154 0.07091346153846154
0 0.3088942307692308 0.49038461538461536 0.14543269230769232 0.07932692307692307
0 0.24519230769230768 0.375 0.140625 0.11298076923076923
0 0.12740384615384615 0.3485576923076923 0.1045673076923077 0.0673076923076923
0 0.15384615384615385 0.2848557692307692 0.1658653846153846 0.06009615384615385
0 0.34375 0.28125 0.15264423076923078 0.06490384615384616
0 0.13341346153846154 0.22235576923076922 0.11778846153846154 0.06971153846153846
0 0.8076923076923077 0.4483173076923077 0.09254807692307693 0.054086538461538464
0 0.8173076923076923 0.3942307692307692 0.06009615384615385 0.036057692307692304
0 0.6514423076923077 0.796875 0.1201923076923077 0.1045673076923077