0 0.3317307692307692 0.29447115384615385 0.03365384615384615 0.020432692307692308
0 0.5276442307692307 0.2980769230769231 0.06009615384615385 0.03365384615384615
0 0.34615384615384615 0.32091346153846156 0.052884615384615384 0.025240384615384616
0 0.3173076923076923 0.3581730769230769 0.05048076923076923 0.055288461538461536
0 0.7211538461538461 0.359375 0.037259615384615384 0.030048076923076924
0 0.7764423076923077 0.38221153846153844 0.06009615384615385 0.027644230769230768
0 0.7355769230769231 0.3918269230769231 0.03485576923076923 0.019230769230769232
0 0.7007211538461539 0.39903846153846156 0.04567307692307692 0.030048076923076924
0 0.35096153846153844 0.40024038461538464 0.03365384615384615 0.02403846153846154
0 0.42908653846153844 0.41466346153846156 0.04567307692307692 0.036057692307692304
0 0.7668269230769231 0.4206730769230769 0.078125 0.05048076923076923
0 0.39903846153846156 0.42427884615384615 0.026442307692307692 0.021634615384615384
0 0.8365384615384616 0.4495192307692308 0.078125 0.037259615384615384
0 0.5408653846153846 0.5096153846153846 0.04326923076923077 0.028846153846153848
0 0.5588942307692307 0.5348557692307693 0.05048076923076923 0.038461538461538464
0 0.515625 0.5625 0.039663461538461536 0.030048076923076924
0 0.5360576923076923 0.5913461538461539 0.04326923076923077 0.030048076923076924
0 0.6165865384615384 0.5925480769230769 0.055288461538461536 0.05048076923076923
0 0.5721153846153846 0.5997596153846154 0.036057692307692304 0.028846153846153848
0 0.6694711538461539 0.6189903846153846 0.02403846153846154 0.018028846153846152
0 0.8557692307692307 0.6730769230769231 0.06610576923076923 0.042067307692307696
0 0.8737980769230769 0.7151442307692307 0.054086538461538464 0.037259615384615384
0 0.7463942307692307 0.1502403846153846 0.03365384615384615 0.025240384615384616
0 0.6598557692307693 0.16826923076923078 0.037259615384615384 0.036057692307692304
0 0.36177884615384615 0.22355769230769232 0.0829326923076923 0.036057692307692304
0 0.31971153846153844 0.24759615384615385 0.04807692307692308 0.025240384615384616
0 0.28846153846153844 0.2644230769230769 0.04567307692307692 0.027644230769230768
0 0.5072115384615384 0.2668269230769231 0.06009615384615385 0.03245192307692308