0 0.6802884615384616 0.7067307692307693 0.046875 0.03125
0 0.6478365384615384 0.6959134615384616 0.039663461538461536 0.021634615384615384
0 0.30408653846153844 0.6959134615384616 0.04807692307692308 0.027644230769230768
0 0.6117788461538461 0.6947115384615384 0.04567307692307692 0.03245192307692308
0 0.4026442307692308 0.6826923076923077 0.037259615384615384 0.02403846153846154
0 0.5360576923076923 0.6682692307692307 0.037259615384615384 0.02283653846153846
0 0.29447115384615385 0.65625 0.04927884615384615 0.039663461538461536
0 0.24158653846153846 0.6430288461538461 0.030048076923076924 0.026442307692307692
0 0.4495192307692308 0.6274038461538461 0.038461538461538464 0.046875
0 0.21514423076923078 0.609375 0.05048076923076923 0.03125
0 0.6514423076923077 0.6009615384615384 0.02403846153846154 0.02283653846153846
0 0.4182692307692308 0.5817307692307693 0.025240384615384616 0.015625
0 0.38461538461538464 0.5793269230769231 0.030048076923076924 0.015625
0 0.234375 0.5564903846153846 0.13221153846153846 0.040865384615384616
0 0.6045673076923077 0.5348557692307693 0.03125 0.03125
0 0.26322115384615385 0.5276442307692307 0.11298076923076923 0.06971153846153846
0 0.35336538461538464 0.515625 0.04927884615384615 0.03365384615384615
0 0.6009615384615384 0.4987980769230769 0.0625 0.056490384615384616
0 0.3269230769230769 0.4879807692307692 0.04326923076923077 0.027644230769230768
0 0.4879807692307692 0.4879807692307692 0.057692307692307696 0.03245192307692308
0 0.39302884615384615 0.47115384615384615 0.056490384615384616 0.03485576923076923
0 0.5180288461538461 0.45913461538461536 0.036057692307692304 0.02283653846153846
0 0.4543269230769231 0.4495192307692308 0.04927884615384615 0.042067307692307696
0 0.49399038461538464 0.4338942307692308 0.02283653846153846 0.013221153846153846
0 0.5192307692307693 0.421875 0.03365384615384615 0.014423076923076924
0 0.6838942307692307 0.41947115384615385 0.078125 0.06971153846153846
0 0.8209134615384616 0.32572115384615385 0.04447115384615385 0.02403846153846154
0 0.5120192307692307 0.7872596153846154 0.0829326923076923 0.03485576923076923
0 0.671875 0.7596153846153846 0.0985576923076923 0.0673076923076923
0 0.44591346153846156 0.7512019230769231 0.0673076923076923 0.04927884615384615
0 0.37740384615384615 0.7259615384615384 0.056490384615384616 0.039663461538461536
0 0.7487980769230769 0.7223557692307693 0.08533653846153846 0.04447115384615385