0 0.3125 0.6923076923076923 0.04326923076923077 0.028846153846153848
0 0.3016826923076923 0.6574519230769231 0.046875 0.04326923076923077
0 0.2608173076923077 0.6514423076923077 0.040865384615384616 0.040865384615384616
0 0.21394230769230768 0.6490384615384616 0.06009615384615385 0.03365384615384615
0 0.24879807692307693 0.6141826923076923 0.06009615384615385 0.039663461538461536
0 0.2127403846153846 0.5925480769230769 0.046875 0.04326923076923077
0 0.1814903846153846 0.5084134615384616 0.0673076923076923 0.03485576923076923
0 0.22596153846153846 0.49278846153846156 0.036057692307692304 0.02403846153846154
0 0.25841346153846156 0.47836538461538464 0.052884615384615384 0.026442307692307692
0 0.39663461538461536 0.453125 0.09375 0.03485576923076923
0 0.4375 0.421875 0.051682692307692304 0.03245192307692308
0 0.5096153846153846 0.39663461538461536 0.04326923076923077 0.03365384615384615
0 0.5384615384615384 0.3629807692307692 0.04807692307692308 0.03245192307692308
0 0.5360576923076923 0.828125 0.04447115384615385 0.03125
0 0.734375 0.8233173076923077 0.042067307692307696 0.03365384615384615
0 0.6225961538461539 0.8161057692307693 0.04326923076923077 0.03365384615384615
0 0.5793269230769231 0.8125 0.051682692307692304 0.036057692307692304
0 0.5360576923076923 0.7956730769230769 0.04567307692307692 0.030048076923076924
0 0.71875 0.7896634615384616 0.06129807692307692 0.030048076923076924
0 0.6274038461538461 0.7848557692307693 0.057692307692307696 0.027644230769230768
0 0.7644230769230769 0.7704326923076923 0.05048076923076923 0.030048076923076924
0 0.7235576923076923 0.7572115384615384 0.12139423076923077 0.054086538461538464