0 0.7848557692307693 0.4423076923076923 0.07572115384615384 0.06129807692307692
0 0.21153846153846154 0.4831730769230769 0.09134615384615384 0.04807692307692308
0 0.5625 0.49038461538461536 0.057692307692307696 0.038461538461538464
0 0.3076923076923077 0.5276442307692307 0.04807692307692308 0.026442307692307692
0 0.2692307692307692 0.5408653846153846 0.08173076923076923 0.06971153846153846
0 0.8125 0.5432692307692307 0.09975961538461539 0.0625
0 0.37259615384615385 0.5649038461538461 0.03365384615384615 0.015625
0 0.3605769230769231 0.5853365384615384 0.036057692307692304 0.028846153846153848
0 0.17548076923076922 0.59375 0.04927884615384615 0.027644230769230768
0 0.48677884615384615 0.6129807692307693 0.037259615384615384 0.026442307692307692
0 0.6105769230769231 0.6129807692307693 0.03365384615384615 0.026442307692307692
0 0.1622596153846154 0.6418269230769231 0.0829326923076923 0.06490384615384616
0 0.3137019230769231 0.6478365384615384 0.055288461538461536 0.03485576923076923
0 0.7596153846153846 0.6526442307692307 0.046875 0.026442307692307692
0 0.7175480769230769 0.671875 0.05889423076923077 0.03365384615384615
0 0.4519230769230769 0.6754807692307693 0.054086538461538464 0.039663461538461536
0 0.37259615384615385 0.6875 0.04326923076923077 0.030048076923076924
0 0.6069711538461539 0.6935096153846154 0.0889423076923077 0.042067307692307696
0 0.7427884615384616 0.18269230769230768 0.04807692307692308 0.03485576923076923
0 0.7608173076923077 0.25 0.028846153846153848 0.014423076923076924
0 0.6983173076923077 0.2692307692307692 0.036057692307692304 0.030048076923076924