0 0.35336538461538464 0.29927884615384615 0.0625 0.037259615384615384
0 0.40384615384615385 0.30408653846153844 0.06129807692307692 0.03365384615384615
0 0.32091346153846156 0.31971153846153844 0.08052884615384616 0.042067307692307696
0 0.7103365384615384 0.31971153846153844 0.10576923076923077 0.038461538461538464
0 0.234375 0.3449519230769231 0.04927884615384615 0.03245192307692308
0 0.4675480769230769 0.35336538461538464 0.027644230769230768 0.013221153846153846
0 0.45552884615384615 0.37259615384615385 0.04807692307692308 0.036057692307692304
0 0.27884615384615385 0.37740384615384615 0.04326923076923077 0.042067307692307696
0 0.35096153846153844 0.39302884615384615 0.10096153846153846 0.055288461538461536
0 0.22355769230769232 0.40384615384615385 0.03245192307692308 0.02403846153846154
0 0.4387019230769231 0.4266826923076923 0.07692307692307693 0.04326923076923077
0 0.38822115384615385 0.4495192307692308 0.09134615384615384 0.06009615384615385
0 0.4735576923076923 0.4699519230769231 0.078125 0.04326923076923077
0 0.7007211538461539 0.2512019230769231 0.1346153846153846 0.08533653846153846
0 0.42788461538461536 0.2608173076923077 0.17668269230769232 0.055288461538461536