0 0.5444711538461539 0.6778846153846154 0.16346153846153846 0.07211538461538461
0 0.6225961538461539 0.6334134615384616 0.09375 0.08533653846153846
0 0.4074519230769231 0.5985576923076923 0.12860576923076922 0.051682692307692304
0 0.6165865384615384 0.5420673076923077 0.10216346153846154 0.08774038461538461
0 0.40625 0.49399038461538464 0.12379807692307693 0.08173076923076923
0 0.5925480769230769 0.3786057692307692 0.11899038461538461 0.08533653846153846
0 0.7271634615384616 0.328125 0.11298076923076923 0.08173076923076923
0 0.5096153846153846 0.3125 0.12980769230769232 0.07932692307692307
0 0.36899038461538464 0.3088942307692308 0.10216346153846154 0.07692307692307693
0 0.8581730769230769 0.2824519230769231 0.13701923076923078 0.0889423076923077
0 0.7115384615384616 0.24519230769230768 0.12259615384615384 0.078125
0 0.36177884615384615 0.8653846153846154 0.12980769230769232 0.09735576923076923
0 0.5228365384615384 0.7860576923076923 0.109375 0.08774038461538461
0 0.6430288461538461 0.7283653846153846 0.17908653846153846 0.05048076923076923