0 0.1201923076923077 0.8834134615384616 0.06009615384615385 0.042067307692307696
0 0.19951923076923078 0.8581730769230769 0.08413461538461539 0.0673076923076923
0 0.29447115384615385 0.8725961538461539 0.0733173076923077 0.05889423076923077
0 0.34375 0.8954326923076923 0.06490384615384616 0.027644230769230768
0 0.4375 0.8305288461538461 0.078125 0.055288461538461536
0 0.29086538461538464 0.71875 0.04447115384615385 0.028846153846153848
0 0.3317307692307692 0.6153846153846154 0.06009615384615385 0.04567307692307692
0 0.11538461538461539 0.7007211538461539 0.06610576923076923 0.038461538461538464
0 0.5961538461538461 0.6899038461538461 0.07451923076923077 0.04927884615384615
0 0.5925480769230769 0.6394230769230769 0.06971153846153846 0.036057692307692304
0 0.28365384615384615 0.4230769230769231 0.0673076923076923 0.08413461538461539
0 0.12139423076923077 0.29927884615384615 0.08413461538461539 0.054086538461538464
0 0.19591346153846154 0.2283653846153846 0.09975961538461539 0.038461538461538464
0 0.578125 0.31850961538461536 0.057692307692307696 0.04326923076923077
0 0.5540865384615384 0.3942307692307692 0.06370192307692307 0.10817307692307693
0 0.7319711538461539 0.2956730769230769 0.09495192307692307 0.078125
0 0.7247596153846154 0.22956730769230768 0.07451923076923077 0.06610576923076923
0 0.7211538461538461 0.5060096153846154 0.06971153846153846 0.04927884615384615
0 0.6971153846153846 0.578125 0.06009615384615385 0.040865384615384616
0 0.65625 0.6490384615384616 0.051682692307692304 0.03125