0 0.7403846153846154 0.6862980769230769 0.11298076923076923 0.06370192307692307
0 0.18509615384615385 0.6466346153846154 0.07572115384615384 0.051682692307692304
0 0.12980769230769232 0.6310096153846154 0.06490384615384616 0.0673076923076923
0 0.22596153846153846 0.6298076923076923 0.0733173076923077 0.06490384615384616
0 0.7764423076923077 0.6274038461538461 0.10697115384615384 0.07091346153846154
0 0.46274038461538464 0.6045673076923077 0.057692307692307696 0.026442307692307692
0 0.15745192307692307 0.5973557692307693 0.046875 0.04927884615384615
0 0.5336538461538461 0.5805288461538461 0.04567307692307692 0.03125
0 0.5889423076923077 0.5673076923076923 0.056490384615384616 0.027644230769230768
0 0.3389423076923077 0.5504807692307693 0.057692307692307696 0.036057692307692304
0 0.3870192307692308 0.5288461538461539 0.05048076923076923 0.038461538461538464
0 0.44471153846153844 0.5240384615384616 0.055288461538461536 0.03245192307692308
0 0.5288461538461539 0.5120192307692307 0.056490384615384616 0.030048076923076924
0 0.4567307692307692 0.49158653846153844 0.06009615384615385 0.03245192307692308
0 0.44350961538461536 0.8641826923076923 0.052884615384615384 0.026442307692307692
0 0.18870192307692307 0.8485576923076923 0.1310096153846154 0.057692307692307696
0 0.33413461538461536 0.7980769230769231 0.07932692307692307 0.028846153846153848
0 0.36177884615384615 0.7536057692307693 0.14302884615384615 0.055288461538461536
0 0.7319711538461539 0.75 0.171875 0.054086538461538464
0 0.703125 0.7379807692307693 0.13581730769230768 0.046875