0 0.11778846153846154 0.6502403846153846 0.09134615384615384 0.08774038461538461
0 0.11778846153846154 0.5793269230769231 0.06009615384615385 0.052884615384615384
0 0.1971153846153846 0.5673076923076923 0.07932692307692307 0.08173076923076923
0 0.12139423076923077 0.5228365384615384 0.07211538461538461 0.06009615384615385
0 0.1502403846153846 0.46153846153846156 0.06610576923076923 0.06610576923076923
0 0.20072115384615385 0.48197115384615385 0.0829326923076923 0.0733173076923077
0 0.09735576923076923 0.4891826923076923 0.046875 0.07692307692307693
0 0.4326923076923077 0.5132211538461539 0.042067307692307696 0.037259615384615384
0 0.42427884615384615 0.5612980769230769 0.040865384615384616 0.03245192307692308
0 0.5108173076923077 0.5913461538461539 0.04326923076923077 0.028846153846153848
0 0.5973557692307693 0.5913461538461539 0.04807692307692308 0.036057692307692304
0 0.3125 0.8689903846153846 0.09254807692307693 0.0733173076923077
0 0.47115384615384615 0.8137019230769231 0.12980769230769232 0.08173076923076923
0 0.640625 0.8569711538461539 0.078125 0.04567307692307692
0 0.7007211538461539 0.8028846153846154 0.07572115384615384 0.037259615384615384
0 0.65625 0.765625 0.12379807692307693 0.0889423076923077
0 0.7115384615384616 0.6778846153846154 0.09254807692307693 0.04807692307692308
0 0.8473557692307693 0.8461538461538461 0.0829326923076923 0.07091346153846154
0 0.7632211538461539 0.7620192307692307 0.0673076923076923 0.06009615384615385
0 0.8221153846153846 0.6550480769230769 0.078125 0.039663461538461536
0 0.7704326923076923 0.7139423076923077 0.04447115384615385 0.056490384615384616
0 0.5432692307692307 0.8016826923076923 0.10216346153846154 0.15985576923076922