0 0.4831730769230769 0.703125 0.04927884615384615 0.03365384615384615
0 0.42788461538461536 0.6862980769230769 0.056490384615384616 0.04927884615384615
0 0.6935096153846154 0.6766826923076923 0.06129807692307692 0.04567307692307692
0 0.4807692307692308 0.671875 0.03365384615384615 0.030048076923076924
0 0.6274038461538461 0.6682692307692307 0.0733173076923077 0.05048076923076923
0 0.5637019230769231 0.6574519230769231 0.039663461538461536 0.038461538461538464
0 0.8100961538461539 0.6574519230769231 0.06971153846153846 0.039663461538461536
0 0.3161057692307692 0.6274038461538461 0.07211538461538461 0.046875
0 0.7271634615384616 0.6225961538461539 0.1045673076923077 0.046875
0 0.4266826923076923 0.6225961538461539 0.06490384615384616 0.04807692307692308
0 0.7704326923076923 0.6045673076923077 0.10216346153846154 0.051682692307692304
0 0.359375 0.6021634615384616 0.04807692307692308 0.038461538461538464
0 0.5060096153846154 0.6009615384615384 0.0829326923076923 0.03485576923076923
0 0.7043269230769231 0.5841346153846154 0.04567307692307692 0.028846153846153848
0 0.7668269230769231 0.578125 0.042067307692307696 0.028846153846153848
0 0.8737980769230769 0.5733173076923077 0.028846153846153848 0.02283653846153846
0 0.5685096153846154 0.5649038461538461 0.0733173076923077 0.05048076923076923
0 0.38100961538461536 0.5456730769230769 0.046875 0.03125
0 0.7956730769230769 0.5348557692307693 0.046875 0.03125
0 0.703125 0.5324519230769231 0.051682692307692304 0.040865384615384616
0 0.3870192307692308 0.5168269230769231 0.042067307692307696 0.025240384615384616
0 0.8125 0.5084134615384616 0.039663461538461536 0.030048076923076924
0 0.5348557692307693 0.4987980769230769 0.038461538461538464 0.021634615384615384
0 0.7319711538461539 0.49399038461538464 0.125 0.06009615384615385
0 0.7884615384615384 0.48197115384615385 0.04447115384615385 0.036057692307692304
0 0.6778846153846154 0.46033653846153844 0.040865384615384616 0.027644230769230768
0 0.7235576923076923 0.4567307692307692 0.09375 0.06370192307692307
0 0.7680288461538461 0.4387019230769231 0.055288461538461536 0.04447115384615385
0 0.5408653846153846 0.4014423076923077 0.03365384615384615 0.026442307692307692
0 0.42788461538461536 0.39783653846153844 0.07692307692307693 0.10096153846153846
0 0.703125 0.3942307692307692 0.05048076923076923 0.04447115384615385
0 0.6382211538461539 0.37740384615384615 0.04927884615384615 0.03125
0 0.5360576923076923 0.3641826923076923 0.04567307692307692 0.025240384615384616
0 0.5769230769230769 0.359375 0.036057692307692304 0.021634615384615384
0 0.30649038461538464 0.3425480769230769 0.056490384615384616 0.042067307692307696
0 0.6418269230769231 0.3401442307692308 0.09014423076923077 0.038461538461538464
0 0.5420673076923077 0.33413461538461536 0.06009615384615385 0.03365384615384615
0 0.3545673076923077 0.3112980769230769 0.04567307692307692 0.03365384615384615
0 0.640625 0.30288461538461536 0.04326923076923077 0.038461538461538464
0 0.3004807692307692 0.25721153846153844 0.04567307692307692 0.03125
0 0.265625 0.2283653846153846 0.06490384615384616 0.051682692307692304
0 0.7872596153846154 0.8413461538461539 0.039663461538461536 0.027644230769230768
0 0.4567307692307692 0.8269230769230769 0.057692307692307696 0.025240384615384616
0 0.7596153846153846 0.8257211538461539 0.055288461538461536 0.03245192307692308
0 0.40865384615384615 0.8064903846153846 0.06370192307692307 0.036057692307692304
0 0.23677884615384615 0.7932692307692307 0.038461538461538464 0.03245192307692308
0 0.7740384615384616 0.7872596153846154 0.07091346153846154 0.036057692307692304
0 0.5336538461538461 0.7752403846153846 0.04567307692307692 0.028846153846153848
0 0.39302884615384615 0.7704326923076923 0.06610576923076923 0.037259615384615384
0 0.8858173076923077 0.7463942307692307 0.036057692307692304 0.030048076923076924
0 0.6213942307692307 0.7403846153846154 0.037259615384615384 0.020432692307692308
0 0.4639423076923077 0.7307692307692307 0.06850961538461539 0.039663461538461536