0 0.5168269230769231 0.3076923076923077 0.051682692307692304 0.046875
0 0.4579326923076923 0.3088942307692308 0.03245192307692308 0.03245192307692308
0 0.6514423076923077 0.35096153846153844 0.055288461538461536 0.030048076923076924
0 0.5132211538461539 0.3641826923076923 0.026442307692307692 0.018028846153846152
0 0.6490384615384616 0.375 0.04807692307692308 0.021634615384615384
0 0.49278846153846156 0.37740384615384615 0.03365384615384615 0.03485576923076923
0 0.6081730769230769 0.3798076923076923 0.04567307692307692 0.030048076923076924
0 0.5492788461538461 0.3942307692307692 0.06129807692307692 0.05889423076923077
0 0.5889423076923077 0.39663461538461536 0.026442307692307692 0.027644230769230768
0 0.49399038461538464 0.4074519230769231 0.051682692307692304 0.027644230769230768
0 0.5985576923076923 0.4182692307692308 0.042067307692307696 0.03245192307692308
0 0.5348557692307693 0.4254807692307692 0.0625 0.025240384615384616
0 0.5709134615384616 0.4495192307692308 0.08774038461538461 0.03485576923076923
0 0.515625 0.4699519230769231 0.05889423076923077 0.03125
0 0.5540865384615384 0.49158653846153844 0.05048076923076923 0.039663461538461536
0 0.5048076923076923 0.49278846153846156 0.04807692307692308 0.020432692307692308
0 0.5084134615384616 0.5180288461538461 0.0673076923076923 0.020432692307692308
0 0.5120192307692307 0.5360576923076923 0.04326923076923077 0.021634615384615384
0 0.8016826923076923 0.1658653846153846 0.08413461538461539 0.0673076923076923
0 0.8401442307692307 0.21033653846153846 0.04567307692307692 0.028846153846153848
0 0.48677884615384615 0.21634615384615385 0.08413461538461539 0.08774038461538461
0 0.8293269230769231 0.23918269230769232 0.04807692307692308 0.028846153846153848
0 0.7908653846153846 0.25240384615384615 0.052884615384615384 0.028846153846153848
0 0.5853365384615384 0.26322115384615385 0.140625 0.04567307692307692
0 0.6778846153846154 0.27403846153846156 0.046875 0.03365384615384615