0 0.453125 0.5697115384615384 0.046875 0.036057692307692304
0 0.5444711538461539 0.6153846153846154 0.05048076923076923 0.03365384615384615
0 0.5504807692307693 0.5877403846153846 0.02283653846153846 0.020432692307692308
0 0.578125 0.65625 0.046875 0.027644230769230768
0 0.5949519230769231 0.6370192307692307 0.039663461538461536 0.025240384615384616
0 0.7692307692307693 0.8942307692307693 0.04447115384615385 0.03125
0 0.8125 0.8762019230769231 0.0733173076923077 0.04927884615384615
0 0.7475961538461539 0.8497596153846154 0.09735576923076923 0.0673076923076923
0 0.6959134615384616 0.8978365384615384 0.06490384615384616 0.03125
0 0.6586538461538461 0.875 0.06370192307692307 0.04326923076923077
0 0.7307692307692307 0.796875 0.06009615384615385 0.038461538461538464
0 0.765625 0.7884615384615384 0.052884615384615384 0.057692307692307696
0 0.7151442307692307 0.7572115384615384 0.05048076923076923 0.03485576923076923
0 0.6478365384615384 0.7644230769230769 0.09254807692307693 0.051682692307692304
0 0.6634615384615384 0.8209134615384616 0.09975961538461539 0.056490384615384616
0 0.5985576923076923 0.78125 0.06370192307692307 0.028846153846153848
0 0.09014423076923077 0.3713942307692308 0.07451923076923077 0.0625
0 0.140625 0.4326923076923077 0.07211538461538461 0.046875
0 0.17427884615384615 0.40625 0.1045673076923077 0.08653846153846154
0 0.2247596153846154 0.46033653846153844 0.05889423076923077 0.05048076923076923
0 0.2764423076923077 0.4338942307692308 0.08774038461538461 0.04567307692307692
0 0.09134615384615384 0.4723557692307692 0.07932692307692307 0.06490384615384616
0 0.15865384615384615 0.47716346153846156 0.08774038461538461 0.052884615384615384
0 0.17427884615384615 0.5240384615384616 0.14302884615384615 0.07211538461538461
0 0.2860576923076923 0.49278846153846156 0.10096153846153846 0.0733173076923077
0 0.3425480769230769 0.5144230769230769 0.07211538461538461 0.07572115384615384
0 0.19951923076923078 0.5697115384615384 0.08052884615384616 0.05048076923076923
0 0.2776442307692308 0.5649038461538461 0.08173076923076923 0.0625
0 0.09735576923076923 0.6165865384615384 0.07091346153846154 0.06129807692307692
0 0.16706730769230768 0.6826923076923077 0.05889423076923077 0.038461538461538464
0 0.2127403846153846 0.703125 0.05889423076923077 0.046875
0 0.17307692307692307 0.6286057692307693 0.0829326923076923 0.07692307692307693
0 0.24879807692307693 0.6165865384615384 0.08533653846153846 0.04927884615384615
0 0.33052884615384615 0.6983173076923077 0.04927884615384615 0.06129807692307692
0 0.3137019230769231 0.7716346153846154 0.09495192307692307 0.057692307692307696
0 0.3894230769230769 0.7776442307692307 0.06129807692307692 0.039663461538461536
0 0.2800480769230769 0.7235576923076923 0.07932692307692307 0.056490384615384616
0 0.25841346153846156 0.6682692307692307 0.09495192307692307 0.056490384615384616
0 0.5012019230769231 0.8846153846153846 0.29927884615384615 0.054086538461538464
0 0.59375 0.8557692307692307 0.06971153846153846 0.039663461538461536
0 0.5576923076923077 0.8016826923076923 0.1201923076923077 0.06610576923076923
0 0.453125 0.7932692307692307 0.06009615384615385 0.04807692307692308
0 0.421875 0.8389423076923077 0.15144230769230768 0.078125
0 0.5132211538461539 0.8233173076923077 0.0889423076923077 0.0673076923076923
0 0.34975961538461536 0.8040865384615384 0.04567307692307692 0.03485576923076923