0 0.8798076923076923 0.11658653846153846 0.06009615384615385 0.042067307692307696
0 0.8004807692307693 0.14182692307692307 0.08413461538461539 0.0673076923076923
0 0.7055288461538461 0.12740384615384615 0.0733173076923077 0.05889423076923077
0 0.65625 0.1045673076923077 0.06490384615384616 0.027644230769230768
0 0.5625 0.16947115384615385 0.078125 0.055288461538461536
0 0.7091346153846154 0.28125 0.04447115384615385 0.028846153846153848
0 0.6682692307692307 0.38461538461538464 0.06009615384615385 0.04567307692307692
0 0.8846153846153846 0.29927884615384615 0.06610576923076923 0.038461538461538464
0 0.40384615384615385 0.31009615384615385 0.07451923076923077 0.04927884615384615
0 0.4074519230769231 0.3605769230769231 0.06971153846153846 0.036057692307692304
0 0.7163461538461539 0.5769230769230769 0.0673076923076923 0.08413461538461539
0 0.8786057692307693 0.7007211538461539 0.08413461538461539 0.054086538461538464
0 0.8040865384615384 0.7716346153846154 0.09975961538461539 0.038461538461538464
0 0.421875 0.6814903846153846 0.057692307692307696 0.04326923076923077
0 0.44591346153846156 0.6057692307692307 0.06370192307692307 0.10817307692307693
0 0.26802884615384615 0.7043269230769231 0.09495192307692307 0.078125
0 0.27524038461538464 0.7704326923076923 0.07451923076923077 0.06610576923076923
0 0.27884615384615385 0.49399038461538464 0.06971153846153846 0.04927884615384615
0 0.30288461538461536 0.421875 0.06009615384615385 0.040865384615384616
0 0.34375 0.35096153846153844 0.051682692307692304 0.03125