0 0.22235576923076922 0.5024038461538461 0.039663461538461536 0.028846153846153848
0 0.234375 0.46875 0.037259615384615384 0.03485576923076923
0 0.2704326923076923 0.46274038461538464 0.039663461538461536 0.03485576923076923
0 0.31850961538461536 0.45913461538461536 0.054086538461538464 0.03365384615384615
0 0.44350961538461536 0.4326923076923077 0.039663461538461536 0.03245192307692308
0 0.28725961538461536 0.4266826923076923 0.052884615384615384 0.038461538461538464
0 0.7836538461538461 0.40625 0.03125 0.021634615384615384
0 0.32211538461538464 0.4026442307692308 0.04927884615384615 0.040865384615384616
0 0.5745192307692307 0.39302884615384615 0.03365384615384615 0.026442307692307692
0 0.7536057692307693 0.3870192307692308 0.036057692307692304 0.027644230769230768
0 0.7163461538461539 0.3786057692307692 0.04927884615384615 0.030048076923076924
0 0.7740384615384616 0.3605769230769231 0.05048076923076923 0.03485576923076923
0 0.7331730769230769 0.3449519230769231 0.036057692307692304 0.028846153846153848
0 0.484375 0.3401442307692308 0.039663461538461536 0.030048076923076924
0 0.6754807692307693 0.3317307692307692 0.038461538461538464 0.027644230769230768
0 0.34975961538461536 0.32211538461538464 0.05889423076923077 0.030048076923076924
0 0.21033653846153846 0.3076923076923077 0.04807692307692308 0.027644230769230768
0 0.3088942307692308 0.3076923076923077 0.036057692307692304 0.02403846153846154
0 0.2764423076923077 0.28966346153846156 0.05048076923076923 0.021634615384615384