0 0.38822115384615385 0.6995192307692307 0.15625 0.09254807692307693
0 0.47836538461538464 0.6995192307692307 0.15504807692307693 0.09254807692307693
0 0.8401442307692307 0.6658653846153846 0.0889423076923077 0.0673076923076923
0 0.1658653846153846 0.6646634615384616 0.12379807692307693 0.0889423076923077
0 0.2848557692307692 0.6478365384615384 0.14302884615384615 0.11057692307692307
0 0.4495192307692308 0.5841346153846154 0.04447115384615385 0.03485576923076923
0 0.7379807692307693 0.5432692307692307 0.04567307692307692 0.028846153846153848
0 0.8509615384615384 0.4879807692307692 0.0673076923076923 0.04807692307692308
0 0.20793269230769232 0.47836538461538464 0.12379807692307693 0.0889423076923077
0 0.3004807692307692 0.45552884615384615 0.1658653846153846 0.09615384615384616
0 0.6286057692307693 0.4411057692307692 0.06490384615384616 0.09615384615384616
0 0.46875 0.4230769230769231 0.15625 0.07091346153846154
0 0.6899038461538461 0.4206730769230769 0.07211538461538461 0.07211538461538461
0 0.37259615384615385 0.39302884615384615 0.11177884615384616 0.07692307692307693
0 0.7283653846153846 0.38341346153846156 0.11778846153846154 0.07932692307692307
0 0.515625 0.3798076923076923 0.04807692307692308 0.028846153846153848
0 0.30408653846153844 0.3557692307692308 0.07572115384615384 0.046875
0 0.42908653846153844 0.3293269230769231 0.05889423076923077 0.04447115384615385
0 0.5829326923076923 0.32572115384615385 0.056490384615384616 0.025240384615384616
0 0.33052884615384615 0.3076923076923077 0.056490384615384616 0.03125
0 0.6514423076923077 0.27524038461538464 0.09254807692307693 0.06971153846153846
0 0.7620192307692307 0.2692307692307692 0.11778846153846154 0.0625
0 0.45552884615384615 0.2620192307692308 0.09134615384615384 0.05048076923076923
0 0.3173076923076923 0.24759615384615385 0.052884615384615384 0.030048076923076924
0 0.8028846153846154 0.9086538461538461 0.056490384615384616 0.038461538461538464
0 0.7235576923076923 0.8918269230769231 0.12860576923076922 0.057692307692307696
0 0.3401442307692308 0.8557692307692307 0.055288461538461536 0.027644230769230768
0 0.5216346153846154 0.8521634615384616 0.1045673076923077 0.06009615384615385
0 0.7151442307692307 0.8485576923076923 0.09134615384615384 0.040865384615384616
0 0.6117788461538461 0.8473557692307693 0.08533653846153846 0.04447115384615385
0 0.8209134615384616 0.84375 0.12740384615384615 0.1045673076923077
0 0.6490384615384616 0.8173076923076923 0.10576923076923077 0.06009615384615385
0 0.3858173076923077 0.8100961538461539 0.1141826923076923 0.0733173076923077
0 0.5252403846153846 0.8076923076923077 0.06370192307692307 0.03245192307692308
0 0.5709134615384616 0.7992788461538461 0.052884615384615384 0.054086538461538464
0 0.7524038461538461 0.7848557692307693 0.10697115384615384 0.0829326923076923
0 0.5132211538461539 0.7644230769230769 0.09495192307692307 0.051682692307692304
0 0.41947115384615385 0.7584134615384616 0.09014423076923077 0.03365384615384615
0 0.6310096153846154 0.7463942307692307 0.14783653846153846 0.08774038461538461