0 0.27524038461538464 0.6442307692307693 0.04567307692307692 0.026442307692307692
0 0.1971153846153846 0.5324519230769231 0.028846153846153848 0.021634615384615384
0 0.40625 0.5228365384615384 0.042067307692307696 0.020432692307692308
0 0.38100961538461536 0.5120192307692307 0.02403846153846154 0.020432692307692308
0 0.20673076923076922 0.49278846153846156 0.038461538461538464 0.03125
0 0.7427884615384616 0.49158653846153844 0.027644230769230768 0.016826923076923076
0 0.7115384615384616 0.46153846153846156 0.042067307692307696 0.046875
0 0.6682692307692307 0.46033653846153844 0.040865384615384616 0.03245192307692308
0 0.5396634615384616 0.453125 0.036057692307692304 0.020432692307692308
0 0.29086538461538464 0.4519230769230769 0.06850961538461539 0.04326923076923077
0 0.25240384615384615 0.44591346153846156 0.0625 0.03125
0 0.42788461538461536 0.4387019230769231 0.051682692307692304 0.025240384615384616
0 0.5913461538461539 0.4326923076923077 0.042067307692307696 0.02403846153846154
0 0.35336538461538464 0.43149038461538464 0.04326923076923077 0.03485576923076923
0 0.7403846153846154 0.42788461538461536 0.038461538461538464 0.03245192307692308
0 0.7019230769230769 0.40024038461538464 0.16105769230769232 0.03125
0 0.484375 0.37740384615384615 0.030048076923076924 0.054086538461538464
0 0.5925480769230769 0.3485576923076923 0.057692307692307696 0.06971153846153846