0 0.6850961538461539 0.6826923076923077 0.05889423076923077 0.05889423076923077
0 0.7608173076923077 0.6766826923076923 0.07091346153846154 0.04567307692307692
0 0.7163461538461539 0.5817307692307693 0.04807692307692308 0.03245192307692308
0 0.7512019230769231 0.5480769230769231 0.06009615384615385 0.038461538461538464
0 0.6634615384615384 0.5420673076923077 0.11658653846153846 0.056490384615384616
0 0.8774038461538461 0.5396634615384616 0.06610576923076923 0.04326923076923077
0 0.7403846153846154 0.5012019230769231 0.08413461538461539 0.052884615384615384
0 0.8173076923076923 0.4795673076923077 0.1045673076923077 0.09134615384615384
0 0.6237980769230769 0.44591346153846156 0.09495192307692307 0.08774038461538461
0 0.7463942307692307 0.43149038461538464 0.05889423076923077 0.0625
0 0.6430288461538461 0.36778846153846156 0.056490384615384616 0.03245192307692308
0 0.5420673076923077 0.33533653846153844 0.06129807692307692 0.04567307692307692
0 0.6045673076923077 0.3329326923076923 0.07451923076923077 0.046875
0 0.5024038461538461 0.30649038461538464 0.046875 0.030048076923076924
0 0.5528846153846154 0.2932692307692308 0.0673076923076923 0.039663461538461536
0 0.5973557692307693 0.2668269230769231 0.06850961538461539 0.04927884615384615
0 0.515625 0.23918269230769232 0.09134615384615384 0.07211538461538461
0 0.4423076923076923 0.23677884615384615 0.10336538461538461 0.12860576923076922
0 0.3473557692307692 0.23557692307692307 0.05048076923076923 0.04567307692307692
0 0.3076923076923077 0.19471153846153846 0.06129807692307692 0.036057692307692304
0 0.8605769230769231 0.78125 0.10697115384615384 0.06009615384615385
0 0.7512019230769231 0.7367788461538461 0.08052884615384616 0.0625
0 0.8221153846153846 0.7223557692307693 0.06610576923076923 0.051682692307692304
0 0.8834134615384616 0.7223557692307693 0.07451923076923077 0.056490384615384616