0 0.2403846153846154 0.7127403846153846 0.028846153846153848 0.026442307692307692
0 0.25600961538461536 0.6923076923076923 0.10096153846153846 0.06971153846153846
0 0.18629807692307693 0.5637019230769231 0.039663461538461536 0.03125
0 0.22956730769230768 0.5540865384615384 0.046875 0.03245192307692308
0 0.2127403846153846 0.5348557692307693 0.03125 0.02283653846153846
0 0.1935096153846154 0.5228365384615384 0.025240384615384616 0.02283653846153846
0 0.24639423076923078 0.4987980769230769 0.09735576923076923 0.038461538461538464
0 0.3016826923076923 0.5360576923076923 0.03485576923076923 0.028846153846153848
0 0.2608173076923077 0.5264423076923077 0.06490384615384616 0.03125
0 0.3016826923076923 0.5072115384615384 0.028846153846153848 0.016826923076923076
0 0.34134615384615385 0.5420673076923077 0.056490384615384616 0.038461538461538464
0 0.38221153846153844 0.5504807692307693 0.03245192307692308 0.018028846153846152
0 0.4579326923076923 0.5649038461538461 0.038461538461538464 0.025240384615384616
0 0.4735576923076923 0.5913461538461539 0.036057692307692304 0.021634615384615384
0 0.25721153846153844 0.3245192307692308 0.06370192307692307 0.039663461538461536
0 0.15504807692307693 0.3389423076923077 0.05048076923076923 0.027644230769230768