0 0.5625 0.5492788461538461 0.09375 0.040865384615384616
0 0.5805288461538461 0.37740384615384615 0.078125 0.039663461538461536
0 0.484375 0.3473557692307692 0.06610576923076923 0.039663461538461536
0 0.328125 0.609375 0.06850961538461539 0.03485576923076923
0 0.3329326923076923 0.35216346153846156 0.04807692307692308 0.042067307692307696
0 0.24519230769230768 0.4014423076923077 0.046875 0.036057692307692304
0 0.5180288461538461 0.6802884615384616 0.08653846153846154 0.037259615384615384
0 0.4831730769230769 0.7103365384615384 0.057692307692307696 0.046875
0 0.42908653846153844 0.7043269230769231 0.055288461538461536 0.04807692307692308
0 0.3557692307692308 0.7463942307692307 0.052884615384615384 0.03485576923076923
0 0.20673076923076922 0.7752403846153846 0.0673076923076923 0.051682692307692304
0 0.35096153846153844 0.6742788461538461 0.040865384615384616 0.03365384615384615
0 0.43149038461538464 0.6622596153846154 0.0733173076923077 0.039663461538461536