0 0.15625 0.27403846153846156 0.06971153846153846 0.051682692307692304
0 0.21634615384615385 0.3786057692307692 0.11899038461538461 0.0673076923076923
0 0.15865384615384615 0.5612980769230769 0.05889423076923077 0.039663461538461536
0 0.3449519230769231 0.5420673076923077 0.08173076923076923 0.057692307692307696
0 0.3425480769230769 0.4699519230769231 0.046875 0.03365384615384615
0 0.17427884615384615 0.6622596153846154 0.09975961538461539 0.08533653846153846
0 0.2644230769230769 0.7259615384615384 0.057692307692307696 0.03125
0 0.33533653846153844 0.6538461538461539 0.07091346153846154 0.051682692307692304
0 0.6478365384615384 0.5540865384615384 0.12379807692307693 0.10216346153846154
0 0.7680288461538461 0.5612980769230769 0.12980769230769232 0.10697115384615384
0 0.7271634615384616 0.49759615384615385 0.09134615384615384 0.04927884615384615
0 0.7259615384615384 0.6670673076923077 0.15384615384615385 0.11658653846153846
0 0.8461538461538461 0.59375 0.06971153846153846 0.08413461538461539
0 0.84375 0.6730769230769231 0.07451923076923077 0.06610576923076923
0 0.7091346153846154 0.38100961538461536 0.16466346153846154 0.07692307692307693
0 0.8004807692307693 0.44471153846153844 0.15985576923076922 0.09975961538461539
0 0.5276442307692307 0.44591346153846156 0.036057692307692304 0.028846153846153848
0 0.47115384615384615 0.44350961538461536 0.054086538461538464 0.036057692307692304
0 0.5144230769230769 0.47115384615384615 0.052884615384615384 0.03125
0 0.5012019230769231 0.49278846153846156 0.05889423076923077 0.03365384615384615
0 0.5673076923076923 0.3161057692307692 0.06129807692307692 0.038461538461538464
0 0.6754807692307693 0.23076923076923078 0.036057692307692304 0.02403846153846154
0 0.7776442307692307 0.23918269230769232 0.055288461538461536 0.030048076923076924
0 0.8221153846153846 0.16706730769230768 0.10576923076923077 0.06610576923076923
0 0.8677884615384616 0.39302884615384615 0.02283653846153846 0.040865384615384616
0 0.84375 0.5108173076923077 0.07451923076923077 0.078125
0 0.23918269230769232 0.16346153846153846 0.12860576923076922 0.08413461538461539
0 0.19831730769230768 0.09495192307692307 0.11538461538461539 0.0673076923076923
0 0.33533653846153844 0.2283653846153846 0.08653846153846154 0.06009615384615385
0 0.40024038461538464 0.24879807692307693 0.078125 0.04447115384615385
0 0.4699519230769231 0.2776442307692308 0.06370192307692307 0.03365384615384615
0 0.515625 0.17307692307692307 0.06610576923076923 0.05889423076923077
0 0.5889423076923077 0.20432692307692307 0.08052884615384616 0.054086538461538464
0 0.11177884615384616 0.3245192307692308 0.07451923076923077 0.03485576923076923