0 0.8629807692307693 0.3473557692307692 0.12139423076923077 0.06490384615384616
0 0.8786057692307693 0.484375 0.06129807692307692 0.03485576923076923
0 0.8112980769230769 0.49038461538461536 0.06370192307692307 0.03365384615384615
0 0.8052884615384616 0.45072115384615385 0.057692307692307696 0.037259615384615384
0 0.7475961538461539 0.44471153846153844 0.05048076923076923 0.040865384615384616
0 0.7103365384615384 0.4831730769230769 0.05048076923076923 0.04567307692307692
0 0.75 0.40024038461538464 0.056490384615384616 0.03245192307692308
0 0.8161057692307693 0.4110576923076923 0.08173076923076923 0.04927884615384615
0 0.8545673076923077 0.5348557692307693 0.054086538461538464 0.0625
0 0.8221153846153846 0.5901442307692307 0.06129807692307692 0.042067307692307696
0 0.7908653846153846 0.5384615384615384 0.09495192307692307 0.06129807692307692
0 0.6153846153846154 0.46875 0.14423076923076922 0.052884615384615384
0 0.6574519230769231 0.43509615384615385 0.12139423076923077 0.040865384615384616
0 0.5769230769230769 0.4567307692307692 0.04447115384615385 0.027644230769230768
0 0.4495192307692308 0.6358173076923077 0.0733173076923077 0.07692307692307693
0 0.30528846153846156 0.5012019230769231 0.057692307692307696 0.038461538461538464
0 0.265625 0.4807692307692308 0.04326923076923077 0.03245192307692308
0 0.27163461538461536 0.4362980769230769 0.046875 0.036057692307692304
0 0.2668269230769231 0.4026442307692308 0.04326923076923077 0.03365384615384615
0 0.21514423076923078 0.35697115384615385 0.042067307692307696 0.04326923076923077
0 0.16947115384615385 0.42908653846153844 0.04326923076923077 0.028846153846153848
0 0.26802884615384615 0.3425480769230769 0.056490384615384616 0.08052884615384616
0 0.24158653846153846 0.296875 0.052884615384615384 0.042067307692307696
0 0.18629807692307693 0.3245192307692308 0.04807692307692308 0.055288461538461536
0 0.29447115384615385 0.2848557692307692 0.042067307692307696 0.026442307692307692
0 0.31850961538461536 0.2536057692307692 0.040865384615384616 0.03125
0 0.31490384615384615 0.22115384615384615 0.056490384615384616 0.03365384615384615
0 0.2620192307692308 0.23557692307692307 0.03365384615384615 0.02283653846153846
0 0.2548076923076923 0.2620192307692308 0.04567307692307692 0.027644230769230768
0 0.17668269230769232 0.19591346153846154 0.06610576923076923 0.046875
0 0.15745192307692307 0.23798076923076922 0.036057692307692304 0.036057692307692304
0 0.3713942307692308 0.22235576923076922 0.052884615384615384 0.03485576923076923
0 0.40865384615384615 0.21634615384615385 0.021634615384615384 0.016826923076923076
0 0.33413461538461536 0.17307692307692307 0.051682692307692304 0.057692307692307696
0 0.28846153846153844 0.171875 0.040865384615384616 0.054086538461538464
0 0.29927884615384615 0.1201923076923077 0.08653846153846154 0.038461538461538464
0 0.4026442307692308 0.14783653846153846 0.08533653846153846 0.06850961538461539
0 0.46033653846153844 0.20552884615384615 0.052884615384615384 0.026442307692307692
0 0.4699519230769231 0.12980769230769232 0.05048076923076923 0.03125
0 0.4891826923076923 0.15625 0.13942307692307693 0.08052884615384616
0 0.5252403846153846 0.19831730769230768 0.07211538461538461 0.03485576923076923
0 0.5865384615384616 0.1310096153846154 0.055288461538461536 0.04567307692307692
0 0.609375 0.1658653846153846 0.04567307692307692 0.03245192307692308
0 0.7463942307692307 0.16706730769230768 0.04447115384615385 0.018028846153846152
0 0.6706730769230769 0.234375 0.04807692307692308 0.09254807692307693
0 0.6370192307692307 0.1935096153846154 0.046875 0.03245192307692308
0 0.5829326923076923 0.19471153846153846 0.04927884615384615 0.06129807692307692
0 0.6286057692307693 0.2536057692307692 0.054086538461538464 0.08774038461538461
0 0.6490384615384616 0.3293269230769231 0.04927884615384615 0.052884615384615384
0 0.1935096153846154 0.38221153846153844 0.10576923076923077 0.07572115384615384
0 0.20432692307692307 0.25240384615384615 0.12860576923076922 0.17067307692307693
0 0.6213942307692307 0.390625 0.06129807692307692 0.054086538461538464
0 0.36778846153846156 0.46875 0.15865384615384615 0.04807692307692308