0 0.7776442307692307 0.49759615384615385 0.039663461538461536 0.028846153846153848
0 0.765625 0.53125 0.037259615384615384 0.03485576923076923
0 0.7295673076923077 0.5372596153846154 0.039663461538461536 0.03485576923076923
0 0.6814903846153846 0.5408653846153846 0.054086538461538464 0.03365384615384615
0 0.5564903846153846 0.5673076923076923 0.039663461538461536 0.03245192307692308
0 0.7127403846153846 0.5733173076923077 0.052884615384615384 0.038461538461538464
0 0.21634615384615385 0.59375 0.03125 0.021634615384615384
0 0.6778846153846154 0.5973557692307693 0.04927884615384615 0.040865384615384616
0 0.4254807692307692 0.6069711538461539 0.03365384615384615 0.026442307692307692
0 0.24639423076923078 0.6129807692307693 0.036057692307692304 0.027644230769230768
0 0.28365384615384615 0.6213942307692307 0.04927884615384615 0.030048076923076924
0 0.22596153846153846 0.6394230769230769 0.05048076923076923 0.03485576923076923
0 0.2668269230769231 0.6550480769230769 0.036057692307692304 0.028846153846153848
0 0.515625 0.6598557692307693 0.039663461538461536 0.030048076923076924
0 0.3245192307692308 0.6682692307692307 0.038461538461538464 0.027644230769230768
0 0.6502403846153846 0.6778846153846154 0.05889423076923077 0.030048076923076924
0 0.7896634615384616 0.6923076923076923 0.04807692307692308 0.027644230769230768
0 0.6911057692307693 0.6923076923076923 0.036057692307692304 0.02403846153846154
0 0.7235576923076923 0.7103365384615384 0.05048076923076923 0.021634615384615384