0 0.38822115384615385 0.3004807692307692 0.15625 0.09254807692307693
0 0.47836538461538464 0.3004807692307692 0.15504807692307693 0.09254807692307693
0 0.8401442307692307 0.33413461538461536 0.0889423076923077 0.0673076923076923
0 0.1658653846153846 0.33533653846153844 0.12379807692307693 0.0889423076923077
0 0.2848557692307692 0.35216346153846156 0.14302884615384615 0.11057692307692307
0 0.4495192307692308 0.41586538461538464 0.04447115384615385 0.03485576923076923
0 0.7379807692307693 0.4567307692307692 0.04567307692307692 0.028846153846153848
0 0.8509615384615384 0.5120192307692307 0.0673076923076923 0.04807692307692308
0 0.20793269230769232 0.5216346153846154 0.12379807692307693 0.0889423076923077
0 0.3004807692307692 0.5444711538461539 0.1658653846153846 0.09615384615384616
0 0.6286057692307693 0.5588942307692307 0.06490384615384616 0.09615384615384616
0 0.46875 0.5769230769230769 0.15625 0.07091346153846154
0 0.6899038461538461 0.5793269230769231 0.07211538461538461 0.07211538461538461
0 0.37259615384615385 0.6069711538461539 0.11177884615384616 0.07692307692307693
0 0.7283653846153846 0.6165865384615384 0.11778846153846154 0.07932692307692307
0 0.515625 0.6201923076923077 0.04807692307692308 0.028846153846153848
0 0.30408653846153844 0.6442307692307693 0.07572115384615384 0.046875
0 0.42908653846153844 0.6706730769230769 0.05889423076923077 0.04447115384615385
0 0.5829326923076923 0.6742788461538461 0.056490384615384616 0.025240384615384616
0 0.33052884615384615 0.6923076923076923 0.056490384615384616 0.03125
0 0.6514423076923077 0.7247596153846154 0.09254807692307693 0.06971153846153846
0 0.7620192307692307 0.7307692307692307 0.11778846153846154 0.0625
0 0.45552884615384615 0.7379807692307693 0.09134615384615384 0.05048076923076923
0 0.3173076923076923 0.7524038461538461 0.052884615384615384 0.030048076923076924
0 0.8028846153846154 0.09134615384615384 0.056490384615384616 0.038461538461538464
0 0.7235576923076923 0.10817307692307693 0.12860576923076922 0.057692307692307696
0 0.3401442307692308 0.14423076923076922 0.055288461538461536 0.027644230769230768
0 0.5216346153846154 0.14783653846153846 0.1045673076923077 0.06009615384615385
0 0.7151442307692307 0.15144230769230768 0.09134615384615384 0.040865384615384616
0 0.6117788461538461 0.15264423076923078 0.08533653846153846 0.04447115384615385
0 0.8209134615384616 0.15625 0.12740384615384615 0.1045673076923077
0 0.6490384615384616 0.18269230769230768 0.10576923076923077 0.06009615384615385
0 0.3858173076923077 0.18990384615384615 0.1141826923076923 0.0733173076923077
0 0.5252403846153846 0.19230769230769232 0.06370192307692307 0.03245192307692308
0 0.5709134615384616 0.20072115384615385 0.052884615384615384 0.054086538461538464
0 0.7524038461538461 0.21514423076923078 0.10697115384615384 0.0829326923076923
0 0.5132211538461539 0.23557692307692307 0.09495192307692307 0.051682692307692304
0 0.41947115384615385 0.24158653846153846 0.09014423076923077 0.03365384615384615
0 0.6310096153846154 0.2536057692307692 0.14783653846153846 0.08774038461538461