0 0.5168269230769231 0.6923076923076923 0.051682692307692304 0.046875
0 0.4579326923076923 0.6911057692307693 0.03245192307692308 0.03245192307692308
0 0.6514423076923077 0.6490384615384616 0.055288461538461536 0.030048076923076924
0 0.5132211538461539 0.6358173076923077 0.026442307692307692 0.018028846153846152
0 0.6490384615384616 0.625 0.04807692307692308 0.021634615384615384
0 0.49278846153846156 0.6225961538461539 0.03365384615384615 0.03485576923076923
0 0.6081730769230769 0.6201923076923077 0.04567307692307692 0.030048076923076924
0 0.5492788461538461 0.6057692307692307 0.06129807692307692 0.05889423076923077
0 0.5889423076923077 0.6033653846153846 0.026442307692307692 0.027644230769230768
0 0.49399038461538464 0.5925480769230769 0.051682692307692304 0.027644230769230768
0 0.5985576923076923 0.5817307692307693 0.042067307692307696 0.03245192307692308
0 0.5348557692307693 0.5745192307692307 0.0625 0.025240384615384616
0 0.5709134615384616 0.5504807692307693 0.08774038461538461 0.03485576923076923
0 0.515625 0.5300480769230769 0.05889423076923077 0.03125
0 0.5540865384615384 0.5084134615384616 0.05048076923076923 0.039663461538461536
0 0.5048076923076923 0.5072115384615384 0.04807692307692308 0.020432692307692308
0 0.5084134615384616 0.48197115384615385 0.0673076923076923 0.020432692307692308
0 0.5120192307692307 0.4639423076923077 0.04326923076923077 0.021634615384615384
0 0.8016826923076923 0.8341346153846154 0.08413461538461539 0.0673076923076923
0 0.8401442307692307 0.7896634615384616 0.04567307692307692 0.028846153846153848
0 0.48677884615384615 0.7836538461538461 0.08413461538461539 0.08774038461538461
0 0.8293269230769231 0.7608173076923077 0.04807692307692308 0.028846153846153848
0 0.7908653846153846 0.7475961538461539 0.052884615384615384 0.028846153846153848
0 0.5853365384615384 0.7367788461538461 0.140625 0.04567307692307692
0 0.6778846153846154 0.7259615384615384 0.046875 0.03365384615384615