0 0.7247596153846154 0.296875 0.09735576923076923 0.046875
0 0.49038461538461536 0.3557692307692308 0.04326923076923077 0.030048076923076924
0 0.4891826923076923 0.41586538461538464 0.0625 0.07572115384615384
0 0.5264423076923077 0.42427884615384615 0.04927884615384615 0.04326923076923077
0 0.5108173076923077 0.4579326923076923 0.04326923076923077 0.03245192307692308
0 0.38461538461538464 0.46153846153846156 0.057692307692307696 0.04447115384615385
0 0.5588942307692307 0.4639423076923077 0.07211538461538461 0.04447115384615385
0 0.44350961538461536 0.4807692307692308 0.1045673076923077 0.04447115384615385
0 0.5144230769230769 0.49038461538461536 0.052884615384615384 0.03365384615384615
0 0.5360576923076923 0.5180288461538461 0.07091346153846154 0.04567307692307692
0 0.4699519230769231 0.5444711538461539 0.0673076923076923 0.038461538461538464
0 0.8713942307692307 0.5637019230769231 0.06370192307692307 0.03245192307692308
0 0.8725961538461539 0.6502403846153846 0.11899038461538461 0.0625
0 0.7788461538461539 0.13221153846153846 0.07211538461538461 0.04326923076923077