0 0.9050480769230769 0.18028846153846154 0.04567307692307692 0.028846153846153848
0 0.8365384615384616 0.20072115384615385 0.08774038461538461 0.06850961538461539
0 0.765625 0.21634615384615385 0.046875 0.038461538461538464
0 0.6959134615384616 0.20793269230769232 0.03485576923076923 0.028846153846153848
0 0.7355769230769231 0.171875 0.04807692307692308 0.06490384615384616
0 0.7007211538461539 0.15384615384615385 0.042067307692307696 0.042067307692307696
0 0.7163461538461539 0.25 0.056490384615384616 0.042067307692307696
0 0.5757211538461539 0.3112980769230769 0.05889423076923077 0.03365384615384615
0 0.5949519230769231 0.20673076923076922 0.04807692307692308 0.038461538461538464
0 0.5877403846153846 0.25 0.06490384615384616 0.046875
0 0.53125 0.20793269230769232 0.052884615384615384 0.078125
0 0.5661057692307693 0.11538461538461539 0.11778846153846154 0.040865384615384616
0 0.47836538461538464 0.125 0.051682692307692304 0.028846153846153848
0 0.4951923076923077 0.43028846153846156 0.03485576923076923 0.02403846153846154
0 0.4387019230769231 0.5036057692307693 0.03485576923076923 0.02283653846153846
0 0.5036057692307693 0.5492788461538461 0.025240384615384616 0.015625
0 0.36538461538461536 0.7067307692307693 0.04567307692307692 0.03125
0 0.31009615384615385 0.703125 0.052884615384615384 0.037259615384615384
0 0.3786057692307692 0.7379807692307693 0.0733173076923077 0.03125
0 0.4387019230769231 0.6538461538461539 0.052884615384615384 0.019230769230769232
0 0.41225961538461536 0.6358173076923077 0.039663461538461536 0.025240384615384616
0 0.5661057692307693 0.6165865384615384 0.040865384615384616 0.030048076923076924
0 0.7427884615384616 0.6201923076923077 0.04326923076923077 0.02283653846153846
0 0.7740384615384616 0.6634615384615384 0.06610576923076923 0.04447115384615385
0 0.8413461538461539 0.6117788461538461 0.07091346153846154 0.021634615384615384
0 0.7752403846153846 0.5853365384615384 0.056490384615384616 0.04807692307692308
0 0.9074519230769231 0.5721153846153846 0.0625 0.040865384615384616
0 0.5961538461538461 0.6622596153846154 0.03485576923076923 0.02283653846153846
0 0.515625 0.6899038461538461 0.13341346153846154 0.04447115384615385