0 0.8040865384615384 0.8341346153846154 0.09495192307692307 0.0673076923076923
0 0.7896634615384616 0.7475961538461539 0.04447115384615385 0.02283653846153846
0 0.8401442307692307 0.7908653846153846 0.04326923076923077 0.027644230769230768
0 0.8269230769230769 0.7632211538461539 0.042067307692307696 0.025240384615384616
0 0.5144230769230769 0.4651442307692308 0.028846153846153848 0.019230769230769232
0 0.5144230769230769 0.484375 0.0673076923076923 0.021634615384615384
0 0.5516826923076923 0.5096153846153846 0.04447115384615385 0.038461538461538464
0 0.5084134615384616 0.5060096153846154 0.038461538461538464 0.02283653846153846
0 0.5793269230769231 0.5480769230769231 0.06490384615384616 0.03365384615384615
0 0.5216346153846154 0.53125 0.057692307692307696 0.030048076923076924
0 0.5973557692307693 0.5793269230769231 0.038461538461538464 0.027644230769230768
0 0.5877403846153846 0.6045673076923077 0.03245192307692308 0.02403846153846154
0 0.5144230769230769 0.6358173076923077 0.03125 0.018028846153846152
0 0.49399038461538464 0.6213942307692307 0.028846153846153848 0.03125
0 0.49278846153846156 0.5925480769230769 0.04326923076923077 0.02403846153846154
0 0.5336538461538461 0.5709134615384616 0.052884615384615384 0.026442307692307692
0 0.5492788461538461 0.6057692307692307 0.05889423076923077 0.05889423076923077
0 0.4567307692307692 0.6887019230769231 0.03485576923076923 0.030048076923076924
0 0.5216346153846154 0.6935096153846154 0.05048076923076923 0.04326923076923077
0 0.6742788461538461 0.7235576923076923 0.038461538461538464 0.03125
0 0.59375 0.7379807692307693 0.12620192307692307 0.04447115384615385
0 0.4855769230769231 0.78125 0.078125 0.0829326923076923
0 0.6502403846153846 0.6478365384615384 0.04927884615384615 0.026442307692307692
0 0.6466346153846154 0.625 0.038461538461538464 0.021634615384615384
0 0.6105769230769231 0.6213942307692307 0.039663461538461536 0.027644230769230768
0 0.5709134615384616 0.6742788461538461 0.06009615384615385 0.052884615384615384
0 0.6237980769230769 0.6682692307692307 0.04567307692307692 0.02403846153846154
0 0.59375 0.6887019230769231 0.04326923076923077 0.027644230769230768
0 0.5685096153846154 0.7139423076923077 0.07091346153846154 0.026442307692307692