0 0.84375 0.49038461538461536 0.03245192307692308 0.020432692307692308
0 0.8004807692307693 0.5144230769230769 0.036057692307692304 0.02283653846153846
0 0.40024038461538464 0.5144230769230769 0.09014423076923077 0.08173076923076923
0 0.20192307692307693 0.5564903846153846 0.0889423076923077 0.056490384615384616
0 0.2848557692307692 0.5637019230769231 0.042067307692307696 0.037259615384615384
0 0.46033653846153844 0.5733173076923077 0.06129807692307692 0.04567307692307692
0 0.7860576923076923 0.5733173076923077 0.08052884615384616 0.054086538461538464
0 0.23197115384615385 0.5769230769230769 0.07451923076923077 0.03125
0 0.8497596153846154 0.5865384615384616 0.039663461538461536 0.036057692307692304
0 0.21634615384615385 0.6394230769230769 0.057692307692307696 0.03485576923076923
0 0.22716346153846154 0.6935096153846154 0.07091346153846154 0.04447115384615385
0 0.25 0.7307692307692307 0.04326923076923077 0.021634615384615384
0 0.6490384615384616 0.15384615384615385 0.04447115384615385 0.04567307692307692
0 0.5745192307692307 0.15504807692307693 0.052884615384615384 0.03365384615384615
0 0.6069711538461539 0.16346153846153846 0.040865384615384616 0.028846153846153848
0 0.5276442307692307 0.17427884615384615 0.07091346153846154 0.03365384615384615
0 0.6165865384615384 0.18269230769230768 0.057692307692307696 0.027644230769230768
0 0.5288461538461539 0.19591346153846154 0.1045673076923077 0.037259615384615384
0 0.49759615384615385 0.22235576923076922 0.03365384615384615 0.02283653846153846
0 0.46875 0.23317307692307693 0.036057692307692304 0.028846153846153848