0 0.8822115384615384 0.34975961538461536 0.09134615384615384 0.08774038461538461
0 0.8822115384615384 0.4206730769230769 0.06009615384615385 0.052884615384615384
0 0.8028846153846154 0.4326923076923077 0.07932692307692307 0.08173076923076923
0 0.8786057692307693 0.47716346153846156 0.07211538461538461 0.06009615384615385
0 0.8497596153846154 0.5384615384615384 0.06610576923076923 0.06610576923076923
0 0.7992788461538461 0.5180288461538461 0.0829326923076923 0.0733173076923077
0 0.9026442307692307 0.5108173076923077 0.046875 0.07692307692307693
0 0.5673076923076923 0.48677884615384615 0.042067307692307696 0.037259615384615384
0 0.5757211538461539 0.4387019230769231 0.040865384615384616 0.03245192307692308
0 0.4891826923076923 0.40865384615384615 0.04326923076923077 0.028846153846153848
0 0.4026442307692308 0.40865384615384615 0.04807692307692308 0.036057692307692304
0 0.6875 0.1310096153846154 0.09254807692307693 0.0733173076923077
0 0.5288461538461539 0.18629807692307693 0.12980769230769232 0.08173076923076923
0 0.359375 0.14302884615384615 0.078125 0.04567307692307692
0 0.29927884615384615 0.1971153846153846 0.07572115384615384 0.037259615384615384
0 0.34375 0.234375 0.12379807692307693 0.0889423076923077
0 0.28846153846153844 0.32211538461538464 0.09254807692307693 0.04807692307692308
0 0.15264423076923078 0.15384615384615385 0.0829326923076923 0.07091346153846154
0 0.23677884615384615 0.23798076923076922 0.0673076923076923 0.06009615384615385
0 0.1778846153846154 0.3449519230769231 0.078125 0.039663461538461536
0 0.22956730769230768 0.2860576923076923 0.04447115384615385 0.056490384615384616
0 0.4567307692307692 0.19831730769230768 0.10216346153846154 0.15985576923076922