0 0.6274038461538461 0.29086538461538464 0.09975961538461539 0.06370192307692307
0 0.7175480769230769 0.3016826923076923 0.10697115384615384 0.06971153846153846
0 0.8100961538461539 0.3473557692307692 0.12980769230769232 0.10697115384615384
0 0.48677884615384615 0.35216346153846156 0.14423076923076922 0.0625
0 0.6129807692307693 0.35697115384615385 0.12620192307692307 0.07692307692307693
0 0.7223557692307693 0.3786057692307692 0.09375 0.07932692307692307
0 0.8449519230769231 0.4495192307692308 0.14903846153846154 0.11057692307692307
0 0.7211538461538461 0.4519230769230769 0.08052884615384616 0.04927884615384615
0 0.39663461538461536 0.49158653846153844 0.07932692307692307 0.040865384615384616
0 0.39903846153846156 0.5324519230769231 0.06490384615384616 0.037259615384615384
0 0.49759615384615385 0.5384615384615384 0.1346153846153846 0.05048076923076923
0 0.21514423076923078 0.07572115384615384 0.05048076923076923 0.036057692307692304
0 0.8617788461538461 0.1658653846153846 0.14783653846153846 0.07451923076923077
0 0.6346153846153846 0.19591346153846154 0.17548076923076922 0.07932692307692307
0 0.36778846153846156 0.203125 0.1045673076923077 0.06009615384615385
0 0.4951923076923077 0.20793269230769232 0.11057692307692307 0.057692307692307696
0 0.7668269230769231 0.23317307692307693 0.17067307692307693 0.09975961538461539
0 0.3641826923076923 0.25961538461538464 0.16105769230769232 0.0985576923076923
0 0.4675480769230769 0.2668269230769231 0.12980769230769232 0.06610576923076923
0 0.8473557692307693 0.28365384615384615 0.09254807692307693 0.052884615384615384
0 0.5048076923076923 0.28846153846153844 0.15625 0.06370192307692307