0 0.4831730769230769 0.3076923076923077 0.051682692307692304 0.046875
0 0.5420673076923077 0.3088942307692308 0.03245192307692308 0.03245192307692308
0 0.3485576923076923 0.35096153846153844 0.055288461538461536 0.030048076923076924
0 0.48677884615384615 0.3641826923076923 0.026442307692307692 0.018028846153846152
0 0.35096153846153844 0.375 0.04807692307692308 0.021634615384615384
0 0.5072115384615384 0.37740384615384615 0.03365384615384615 0.03485576923076923
0 0.3918269230769231 0.3798076923076923 0.04567307692307692 0.030048076923076924
0 0.45072115384615385 0.3942307692307692 0.06129807692307692 0.05889423076923077
0 0.4110576923076923 0.39663461538461536 0.026442307692307692 0.027644230769230768
0 0.5060096153846154 0.4074519230769231 0.051682692307692304 0.027644230769230768
0 0.4014423076923077 0.4182692307692308 0.042067307692307696 0.03245192307692308
0 0.4651442307692308 0.4254807692307692 0.0625 0.025240384615384616
0 0.42908653846153844 0.4495192307692308 0.08774038461538461 0.03485576923076923
0 0.484375 0.4699519230769231 0.05889423076923077 0.03125
0 0.44591346153846156 0.49158653846153844 0.05048076923076923 0.039663461538461536
0 0.4951923076923077 0.49278846153846156 0.04807692307692308 0.020432692307692308
0 0.49158653846153844 0.5180288461538461 0.0673076923076923 0.020432692307692308
0 0.4879807692307692 0.5360576923076923 0.04326923076923077 0.021634615384615384
0 0.19831730769230768 0.1658653846153846 0.08413461538461539 0.0673076923076923
0 0.15985576923076922 0.21033653846153846 0.04567307692307692 0.028846153846153848
0 0.5132211538461539 0.21634615384615385 0.08413461538461539 0.08774038461538461
0 0.17067307692307693 0.23918269230769232 0.04807692307692308 0.028846153846153848
0 0.2091346153846154 0.25240384615384615 0.052884615384615384 0.028846153846153848
0 0.41466346153846156 0.26322115384615385 0.140625 0.04567307692307692
0 0.32211538461538464 0.27403846153846156 0.046875 0.03365384615384615