0 0.8834134615384616 0.3004807692307692 0.06370192307692307 0.037259615384615384
0 0.4050480769230769 0.3125 0.08173076923076923 0.05048076923076923
0 0.40625 0.3605769230769231 0.0733173076923077 0.037259615384615384
0 0.29927884615384615 0.42427884615384615 0.06370192307692307 0.04326923076923077
0 0.28365384615384615 0.4951923076923077 0.07572115384615384 0.051682692307692304
0 0.7151442307692307 0.5769230769230769 0.0673076923076923 0.09254807692307693
0 0.5745192307692307 0.6370192307692307 0.037259615384615384 0.03125
0 0.4254807692307692 0.6838942307692307 0.06129807692307692 0.046875
0 0.8786057692307693 0.6995192307692307 0.09014423076923077 0.05889423076923077
0 0.265625 0.703125 0.10576923076923077 0.08052884615384616
0 0.8798076923076923 0.11538461538461539 0.0625 0.04447115384615385
0 0.7079326923076923 0.12980769230769232 0.08052884615384616 0.0625
0 0.8004807692307693 0.14543269230769232 0.0829326923076923 0.0733173076923077
0 0.5625 0.16947115384615385 0.08653846153846154 0.0625
0 0.6598557692307693 0.1814903846153846 0.039663461538461536 0.03485576923076923