0 0.38100961538461536 0.47716346153846156 0.05048076923076923 0.028846153846153848
0 0.44711538461538464 0.44471153846153844 0.06490384615384616 0.054086538461538464
0 0.4675480769230769 0.4014423076923077 0.046875 0.042067307692307696
0 0.4074519230769231 0.39302884615384615 0.051682692307692304 0.040865384615384616
0 0.4735576923076923 0.33774038461538464 0.07091346153846154 0.05889423076923077
0 0.39783653846153844 0.33774038461538464 0.056490384615384616 0.04567307692307692
0 0.40625 0.28725961538461536 0.04927884615384615 0.056490384615384616
0 0.453125 0.2764423076923077 0.054086538461538464 0.06370192307692307
0 0.5096153846153846 0.26802884615384615 0.052884615384615384 0.039663461538461536
0 0.09375 0.8016826923076923 0.051682692307692304 0.03245192307692308
0 0.16706730769230768 0.7908653846153846 0.051682692307692304 0.039663461538461536