0 0.7019230769230769 0.6778846153846154 0.056490384615384616 0.030048076923076924
0 0.6634615384615384 0.6766826923076923 0.06971153846153846 0.09615384615384616
0 0.6370192307692307 0.5300480769230769 0.07091346153846154 0.04807692307692308
0 0.24519230769230768 0.49759615384615385 0.051682692307692304 0.040865384615384616
0 0.7860576923076923 0.4951923076923077 0.09134615384615384 0.04807692307692308
0 0.65625 0.44350961538461536 0.0889423076923077 0.06490384615384616
0 0.7728365384615384 0.4254807692307692 0.06490384615384616 0.046875
0 0.7391826923076923 0.3737980769230769 0.09134615384615384 0.05889423076923077
0 0.53125 0.3581730769230769 0.06971153846153846 0.046875
0 0.8004807692307693 0.3317307692307692 0.1045673076923077 0.08774038461538461
0 0.5012019230769231 0.8882211538461539 0.06971153846153846 0.04567307692307692
0 0.44711538461538464 0.8858173076923077 0.042067307692307696 0.06490384615384616
0 0.7091346153846154 0.8497596153846154 0.05048076923076923 0.02283653846153846
0 0.8737980769230769 0.8389423076923077 0.052884615384615384 0.04326923076923077
0 0.6706730769230769 0.8365384615384616 0.042067307692307696 0.027644230769230768
0 0.8149038461538461 0.8245192307692307 0.0625 0.054086538461538464
0 0.6899038461538461 0.796875 0.10817307692307693 0.04807692307692308
0 0.5829326923076923 0.7740384615384616 0.0829326923076923 0.03245192307692308
0 0.24158653846153846 0.7259615384615384 0.140625 0.05889423076923077