0 0.1622596153846154 0.4795673076923077 0.036057692307692304 0.05889423076923077
0 0.20793269230769232 0.49038461538461536 0.056490384615384616 0.0625
0 0.22235576923076922 0.4543269230769231 0.03125 0.021634615384615384
0 0.1346153846153846 0.5096153846153846 0.056490384615384616 0.07451923076923077
0 0.11298076923076923 0.5420673076923077 0.04927884615384615 0.05889423076923077
0 0.18870192307692307 0.38461538461538464 0.051682692307692304 0.07211538461538461
0 0.234375 0.36658653846153844 0.051682692307692304 0.06490384615384616
0 0.11538461538461539 0.33653846153846156 0.028846153846153848 0.056490384615384616
0 0.2824519230769231 0.30649038461538464 0.03485576923076923 0.05048076923076923
0 0.25240384615384615 0.29447115384615385 0.06009615384615385 0.0889423076923077
0 0.3004807692307692 0.2668269230769231 0.040865384615384616 0.03485576923076923
0 0.17908653846153846 0.28725961538461536 0.08533653846153846 0.11177884615384616
0 0.1502403846153846 0.07211538461538461 0.06129807692307692 0.07091346153846154
0 0.20552884615384615 0.06009615384615385 0.06610576923076923 0.06370192307692307
0 0.25961538461538464 0.046875 0.051682692307692304 0.03485576923076923
0 0.2536057692307692 0.09254807692307693 0.04326923076923077 0.054086538461538464
0 0.2127403846153846 0.11538461538461539 0.056490384615384616 0.05048076923076923
0 0.14302884615384615 0.12379807692307693 0.036057692307692304 0.03245192307692308
0 0.16947115384615385 0.14543269230769232 0.03245192307692308 0.030048076923076924
0 0.1622596153846154 0.1935096153846154 0.0625 0.0625
0 0.12740384615384615 0.15144230769230768 0.03365384615384615 0.046875
0 0.23557692307692307 0.15264423076923078 0.06009615384615385 0.057692307692307696
0 0.2127403846153846 0.20432692307692307 0.042067307692307696 0.054086538461538464
0 0.23197115384615385 0.22596153846153846 0.055288461538461536 0.0673076923076923
0 0.27163461538461536 0.21514423076923078 0.036057692307692304 0.042067307692307696
0 0.31850961538461536 0.08173076923076923 0.0625 0.06370192307692307
0 0.3545673076923077 0.11177884615384616 0.05889423076923077 0.06370192307692307
0 0.3293269230769231 0.040865384615384616 0.051682692307692304 0.019230769230769232
0 0.28125 0.12860576923076922 0.04807692307692308 0.06850961538461539
0 0.31850961538461536 0.19591346153846154 0.057692307692307696 0.12860576923076922
0 0.38100961538461536 0.20793269230769232 0.03245192307692308 0.027644230769230768
0 0.36177884615384615 0.18509615384615385 0.030048076923076924 0.028846153846153848
0 0.42427884615384615 0.17307692307692307 0.04567307692307692 0.06490384615384616
0 0.40384615384615385 0.10576923076923077 0.046875 0.04447115384615385
0 0.36899038461538464 0.057692307692307696 0.03485576923076923 0.04807692307692308
0 0.47716346153846156 0.11899038461538461 0.0889423076923077 0.0625
0 0.5180288461538461 0.16105769230769232 0.04326923076923077 0.027644230769230768
0 0.4639423076923077 0.18028846153846154 0.09254807692307693 0.04567307692307692
0 0.7199519230769231 0.06009615384615385 0.05048076923076923 0.026442307692307692
0 0.7367788461538461 0.09495192307692307 0.056490384615384616 0.06850961538461539
0 0.6983173076923077 0.1045673076923077 0.040865384615384616 0.042067307692307696
0 0.7151442307692307 0.08653846153846154 0.025240384615384616 0.015625
0 0.6814903846153846 0.15985576923076922 0.03245192307692308 0.027644230769230768
0 0.6694711538461539 0.11538461538461539 0.05048076923076923 0.04927884615384615
0 0.6237980769230769 0.1201923076923077 0.052884615384615384 0.05889423076923077
0 0.5805288461538461 0.13221153846153846 0.056490384615384616 0.06009615384615385
0 0.5528846153846154 0.11057692307692307 0.06971153846153846 0.04326923076923077