0 0.09615384615384616 0.20072115384615385 0.05048076923076923 0.028846153846153848
0 0.16947115384615385 0.20673076923076922 0.04927884615384615 0.030048076923076924
0 0.38100961538461536 0.5252403846153846 0.04326923076923077 0.03125
0 0.44471153846153844 0.5552884615384616 0.06129807692307692 0.04807692307692308
0 0.4675480769230769 0.5985576923076923 0.04447115384615385 0.040865384615384616
0 0.40865384615384615 0.6081730769230769 0.04567307692307692 0.03365384615384615
0 0.39903846153846156 0.6670673076923077 0.04807692307692308 0.039663461538461536
0 0.4723557692307692 0.6622596153846154 0.06370192307692307 0.05048076923076923
0 0.453125 0.7223557692307693 0.051682692307692304 0.06490384615384616
0 0.5048076923076923 0.7307692307692307 0.04447115384615385 0.03125
0 0.40625 0.7175480769230769 0.04447115384615385 0.0625