0 0.33413461538461536 0.21153846153846154 0.056490384615384616 0.0673076923076923
0 0.4266826923076923 0.171875 0.10216346153846154 0.04927884615384615
0 0.4855769230769231 0.2127403846153846 0.06009615384615385 0.036057692307692304
0 0.42788461538461536 0.21875 0.04447115384615385 0.039663461538461536
0 0.38822115384615385 0.2548076923076923 0.054086538461538464 0.10216346153846154
0 0.41346153846153844 0.31971153846153844 0.05048076923076923 0.02403846153846154
0 0.44350961538461536 0.27524038461538464 0.055288461538461536 0.04807692307692308
0 0.5036057692307693 0.25240384615384615 0.0733173076923077 0.054086538461538464
0 0.4411057692307692 0.14182692307692307 0.05048076923076923 0.038461538461538464
0 0.5060096153846154 0.13581730769230768 0.08413461538461539 0.057692307692307696
0 0.6081730769230769 0.12620192307692307 0.08653846153846154 0.04807692307692308
0 0.6754807692307693 0.12379807692307693 0.057692307692307696 0.03365384615384615
0 0.6009615384615384 0.17548076923076922 0.08774038461538461 0.05889423076923077
0 0.5709134615384616 0.21153846153846154 0.04807692307692308 0.02403846153846154
0 0.5600961538461539 0.23677884615384615 0.04447115384615385 0.030048076923076924
0 0.5360576923076923 0.29447115384615385 0.039663461538461536 0.028846153846153848
0 0.5444711538461539 0.33653846153846156 0.04567307692307692 0.027644230769230768
0 0.5733173076923077 0.31490384615384615 0.056490384615384616 0.039663461538461536
0 0.5841346153846154 0.2848557692307692 0.0889423076923077 0.0673076923076923
0 0.6370192307692307 0.2704326923076923 0.08173076923076923 0.07091346153846154
0 0.6346153846153846 0.22115384615384615 0.06129807692307692 0.037259615384615384
0 0.6983173076923077 0.2644230769230769 0.06490384615384616 0.040865384615384616
0 0.6887019230769231 0.21153846153846154 0.07572115384615384 0.06009615384615385
0 0.7223557692307693 0.18870192307692307 0.09495192307692307 0.09134615384615384
0 0.75 0.12860576923076922 0.07091346153846154 0.046875
0 0.7668269230769231 0.16466346153846154 0.04807692307692308 0.03125
0 0.7944711538461539 0.1935096153846154 0.06610576923076923 0.04447115384615385
0 0.8533653846153846 0.14423076923076922 0.07692307692307693 0.07572115384615384
0 0.5 0.3293269230769231 0.12379807692307693 0.09735576923076923
0 0.578125 0.3786057692307692 0.046875 0.03485576923076923
0 0.6057692307692307 0.41586538461538464 0.056490384615384616 0.037259615384615384
0 0.6466346153846154 0.4375 0.04326923076923077 0.026442307692307692
0 0.6754807692307693 0.38100961538461536 0.07091346153846154 0.04447115384615385
0 0.6730769230769231 0.3233173076923077 0.109375 0.0733173076923077
0 0.7752403846153846 0.25721153846153844 0.0829326923076923 0.046875
0 0.8209134615384616 0.2980769230769231 0.07451923076923077 0.0733173076923077
0 0.8641826923076923 0.23557692307692307 0.06009615384615385 0.09254807692307693
0 0.7800480769230769 0.3473557692307692 0.037259615384615384 0.02283653846153846
0 0.7536057692307693 0.31490384615384615 0.06850961538461539 0.06850961538461539
0 0.7319711538461539 0.4098557692307692 0.06129807692307692 0.036057692307692304
0 0.7427884615384616 0.3713942307692308 0.056490384615384616 0.037259615384615384
0 0.7091346153846154 0.44711538461538464 0.0673076923076923 0.04807692307692308
0 0.7716346153846154 0.4723557692307692 0.06850961538461539 0.052884615384615384
0 0.7836538461538461 0.4254807692307692 0.038461538461538464 0.03365384615384615
0 0.8100961538461539 0.4495192307692308 0.04326923076923077 0.028846153846153848
0 0.8040865384615384 0.3713942307692308 0.09254807692307693 0.07572115384615384
0 0.8545673076923077 0.41346153846153844 0.04807692307692308 0.054086538461538464
0 0.8617788461538461 0.33533653846153844 0.04927884615384615 0.09615384615384616
0 0.8413461538461539 0.4951923076923077 0.05889423076923077 0.0673076923076923
0 0.8028846153846154 0.515625 0.06610576923076923 0.05048076923076923
0 0.44471153846153844 0.11177884615384616 0.05889423076923077 0.02283653846153846
0 0.5348557692307693 0.625 0.052884615384615384 0.055288461538461536
0 0.5180288461538461 0.7139423076923077 0.09014423076923077 0.0625
0 0.5889423076923077 0.703125 0.09615384615384616 0.08052884615384616
0 0.6418269230769231 0.7596153846153846 0.051682692307692304 0.04567307692307692
0 0.6983173076923077 0.7632211538461539 0.06490384615384616 0.04927884615384615
0 0.6658653846153846 0.7992788461538461 0.054086538461538464 0.026442307692307692