0 0.31009615384615385 0.6177884615384616 0.22355769230769232 0.12740384615384615
0 0.7956730769230769 0.5817307692307693 0.09134615384615384 0.10336538461538461
0 0.3557692307692308 0.5048076923076923 0.09495192307692307 0.08653846153846154
0 0.6826923076923077 0.4735576923076923 0.11057692307692307 0.1310096153846154
0 0.38221153846153844 0.4098557692307692 0.10576923076923077 0.056490384615384616
0 0.7235576923076923 0.3473557692307692 0.09014423076923077 0.06610576923076923
0 0.49278846153846156 0.33533653846153844 0.0625 0.05048076923076923
0 0.21754807692307693 0.33052884615384615 0.09975961538461539 0.12980769230769232
0 0.7524038461538461 0.8689903846153846 0.11658653846153846 0.22355769230769232
0 0.5612980769230769 0.8533653846153846 0.08774038461538461 0.06129807692307692
0 0.27524038461538464 0.7764423076923077 0.10576923076923077 0.07451923076923077