0 0.7536057692307693 0.29447115384615385 0.051682692307692304 0.0889423076923077
0 0.7199519230769231 0.30528846153846156 0.038461538461538464 0.04927884615384615
0 0.7596153846153846 0.36778846153846156 0.054086538461538464 0.0673076923076923
0 0.8149038461538461 0.3858173076923077 0.0625 0.07211538461538461
0 0.7752403846153846 0.453125 0.04447115384615385 0.02283653846153846
0 0.8353365384615384 0.47716346153846156 0.042067307692307696 0.0673076923076923
0 0.7379807692307693 0.04807692307692308 0.046875 0.036057692307692304
0 0.7932692307692307 0.49038461538461536 0.0625 0.0625
0 0.8653846153846154 0.5096153846153846 0.06129807692307692 0.07451923076923077
0 0.7956730769230769 0.06129807692307692 0.06850961538461539 0.06610576923076923
0 0.2824519230769231 0.06129807692307692 0.056490384615384616 0.026442307692307692
0 0.8497596153846154 0.07451923076923077 0.06009615384615385 0.0733173076923077
0 0.6826923076923077 0.08413461538461539 0.07091346153846154 0.06370192307692307
0 0.2848557692307692 0.08774038461538461 0.028846153846153848 0.018028846153846152
0 0.7463942307692307 0.09375 0.042067307692307696 0.06009615384615385
0 0.3016826923076923 0.10336538461538461 0.046875 0.038461538461538464
0 0.5961538461538461 0.10697115384615384 0.04326923076923077 0.046875
0 0.6454326923076923 0.11298076923076923 0.055288461538461536 0.056490384615384616
0 0.328125 0.11538461538461539 0.054086538461538464 0.046875
0 0.7884615384615384 0.11538461538461539 0.05889423076923077 0.054086538461538464
0 0.3762019230769231 0.11899038461538461 0.055288461538461536 0.054086538461538464
0 0.5228365384615384 0.12139423076923077 0.08413461538461539 0.0673076923076923
0 0.8569711538461539 0.12259615384615384 0.042067307692307696 0.037259615384615384
0 0.71875 0.13221153846153846 0.046875 0.06610576923076923
0 0.41947115384615385 0.1466346153846154 0.052884615384615384 0.036057692307692304
0 0.828125 0.14903846153846154 0.03485576923076923 0.030048076923076924
0 0.8737980769230769 0.1502403846153846 0.03245192307692308 0.04567307692307692
0 0.765625 0.15384615384615385 0.06610576923076923 0.052884615384615384
0 0.3173076923076923 0.15985576923076922 0.03125 0.030048076923076924
0 0.48197115384615385 0.16105769230769232 0.04567307692307692 0.028846153846153848
0 0.5733173076923077 0.171875 0.04807692307692308 0.06129807692307692
0 0.6418269230769231 0.18509615384615385 0.03245192307692308 0.028846153846153848
0 0.6826923076923077 0.19471153846153846 0.05048076923076923 0.13341346153846154
0 0.8389423076923077 0.19591346153846154 0.06490384615384616 0.06490384615384616
0 0.6213942307692307 0.20552884615384615 0.03485576923076923 0.03125
0 0.7283653846153846 0.2127403846153846 0.036057692307692304 0.04567307692307692
0 0.7644230769230769 0.22716346153846154 0.054086538461538464 0.06490384615384616
0 0.8521634615384616 0.2644230769230769 0.03125 0.03125
0 0.7007211538461539 0.2644230769230769 0.03485576923076923 0.038461538461538464
0 0.8233173076923077 0.28966346153846156 0.09134615384615384 0.1201923076923077