0 0.28725961538461536 0.42788461538461536 0.08413461538461539 0.06610576923076923
0 0.36177884615384615 0.3233173076923077 0.1346153846153846 0.08774038461538461
0 0.4675480769230769 0.3485576923076923 0.07932692307692307 0.07572115384615384
0 0.5396634615384616 0.3233173076923077 0.08533653846153846 0.13341346153846154
0 0.6105769230769231 0.47115384615384615 0.1201923076923077 0.09975961538461539
0 0.7524038461538461 0.5564903846153846 0.10697115384615384 0.19110576923076922
0 0.6766826923076923 0.7824519230769231 0.12860576923076922 0.25600961538461536
0 0.7896634615384616 0.9230769230769231 0.13581730769230768 0.10336538461538461
0 0.8305288461538461 0.7800480769230769 0.10817307692307693 0.15504807692307693
0 0.5444711538461539 0.7379807692307693 0.12740384615384615 0.09014423076923077
0 0.7716346153846154 0.2848557692307692 0.13822115384615385 0.08533653846153846
0 0.6935096153846154 0.375 0.22355769230769232 0.16105769230769232
0 0.42908653846153844 0.27403846153846156 0.11778846153846154 0.0733173076923077