0 0.22115384615384615 0.5961538461538461 0.027644230769230768 0.018028846153846152
0 0.24278846153846154 0.6526442307692307 0.040865384615384616 0.030048076923076924
0 0.2800480769230769 0.6237980769230769 0.039663461538461536 0.03365384615384615
0 0.31850961538461536 0.6826923076923077 0.06850961538461539 0.036057692307692304
0 0.35697115384615385 0.6995192307692307 0.05048076923076923 0.03485576923076923
0 0.4026442307692308 0.6947115384615384 0.040865384615384616 0.03245192307692308
0 0.43028846153846156 0.7403846153846154 0.15264423076923078 0.056490384615384616
0 0.7019230769230769 0.75 0.12259615384615384 0.08774038461538461
0 0.7151442307692307 0.6790865384615384 0.09254807692307693 0.038461538461538464
0 0.4543269230769231 0.6262019230769231 0.040865384615384616 0.03245192307692308
0 0.35096153846153844 0.6069711538461539 0.09254807692307693 0.05048076923076923
0 0.38822115384615385 0.5540865384615384 0.08173076923076923 0.052884615384615384
0 0.4362980769230769 0.5733173076923077 0.06850961538461539 0.04326923076923077
0 0.4723557692307692 0.53125 0.06850961538461539 0.039663461538461536
0 0.47475961538461536 0.359375 0.06009615384615385 0.040865384615384616
0 0.453125 0.3293269230769231 0.04567307692307692 0.028846153846153848
0 0.7548076923076923 0.47836538461538464 0.051682692307692304 0.03125
0 0.7103365384615384 0.8713942307692307 0.11538461538461539 0.06850961538461539