0 0.7764423076923077 0.8665865384615384 0.07572115384615384 0.038461538461538464
0 0.7271634615384616 0.703125 0.0985576923076923 0.046875
0 0.8665865384615384 0.4387019230769231 0.06129807692307692 0.03245192307692308
0 0.8713942307692307 0.34615384615384615 0.11899038461538461 0.07091346153846154
0 0.9002403846153846 0.40865384615384615 0.07572115384615384 0.07932692307692307
0 0.5576923076923077 0.5372596153846154 0.06129807692307692 0.04326923076923077
0 0.47596153846153844 0.46274038461538464 0.0733173076923077 0.03125
0 0.5120192307692307 0.5120192307692307 0.051682692307692304 0.03365384615384615
0 0.5096153846153846 0.5420673076923077 0.03485576923076923 0.028846153846153848
0 0.53125 0.5793269230769231 0.055288461538461536 0.04447115384615385
0 0.4891826923076923 0.5841346153846154 0.06129807692307692 0.06850961538461539
0 0.49158653846153844 0.6454326923076923 0.04567307692307692 0.030048076923076924
0 0.38341346153846156 0.5384615384615384 0.052884615384615384 0.046875
0 0.4423076923076923 0.5204326923076923 0.11177884615384616 0.042067307692307696
0 0.30528846153846156 0.84375 0.13581730769230768 0.16466346153846154
0 0.22716346153846154 0.8257211538461539 0.1814903846153846 0.20552884615384615