0 0.5168269230769231 0.703125 0.04927884615384615 0.03365384615384615
0 0.5721153846153846 0.6862980769230769 0.056490384615384616 0.04927884615384615
0 0.30649038461538464 0.6766826923076923 0.06129807692307692 0.04567307692307692
0 0.5192307692307693 0.671875 0.03365384615384615 0.030048076923076924
0 0.37259615384615385 0.6682692307692307 0.0733173076923077 0.05048076923076923
0 0.4362980769230769 0.6574519230769231 0.039663461538461536 0.038461538461538464
0 0.18990384615384615 0.6574519230769231 0.06971153846153846 0.039663461538461536
0 0.6838942307692307 0.6274038461538461 0.07211538461538461 0.046875
0 0.27283653846153844 0.6225961538461539 0.1045673076923077 0.046875
0 0.5733173076923077 0.6225961538461539 0.06490384615384616 0.04807692307692308
0 0.22956730769230768 0.6045673076923077 0.10216346153846154 0.051682692307692304
0 0.640625 0.6021634615384616 0.04807692307692308 0.038461538461538464
0 0.49399038461538464 0.6009615384615384 0.0829326923076923 0.03485576923076923
0 0.2956730769230769 0.5841346153846154 0.04567307692307692 0.028846153846153848
0 0.23317307692307693 0.578125 0.042067307692307696 0.028846153846153848
0 0.12620192307692307 0.5733173076923077 0.028846153846153848 0.02283653846153846
0 0.43149038461538464 0.5649038461538461 0.0733173076923077 0.05048076923076923
0 0.6189903846153846 0.5456730769230769 0.046875 0.03125
0 0.20432692307692307 0.5348557692307693 0.046875 0.03125
0 0.296875 0.5324519230769231 0.051682692307692304 0.040865384615384616
0 0.6129807692307693 0.5168269230769231 0.042067307692307696 0.025240384615384616
0 0.1875 0.5084134615384616 0.039663461538461536 0.030048076923076924
0 0.4651442307692308 0.4987980769230769 0.038461538461538464 0.021634615384615384
0 0.26802884615384615 0.49399038461538464 0.125 0.06009615384615385
0 0.21153846153846154 0.48197115384615385 0.04447115384615385 0.036057692307692304
0 0.32211538461538464 0.46033653846153844 0.040865384615384616 0.027644230769230768
0 0.2764423076923077 0.4567307692307692 0.09375 0.06370192307692307
0 0.23197115384615385 0.4387019230769231 0.055288461538461536 0.04447115384615385
0 0.45913461538461536 0.4014423076923077 0.03365384615384615 0.026442307692307692
0 0.5721153846153846 0.39783653846153844 0.07692307692307693 0.10096153846153846
0 0.296875 0.3942307692307692 0.05048076923076923 0.04447115384615385
0 0.36177884615384615 0.37740384615384615 0.04927884615384615 0.03125
0 0.4639423076923077 0.3641826923076923 0.04567307692307692 0.025240384615384616
0 0.4230769230769231 0.359375 0.036057692307692304 0.021634615384615384
0 0.6935096153846154 0.3425480769230769 0.056490384615384616 0.042067307692307696
0 0.3581730769230769 0.3401442307692308 0.09014423076923077 0.038461538461538464
0 0.4579326923076923 0.33413461538461536 0.06009615384615385 0.03365384615384615
0 0.6454326923076923 0.3112980769230769 0.04567307692307692 0.03365384615384615
0 0.359375 0.30288461538461536 0.04326923076923077 0.038461538461538464
0 0.6995192307692307 0.25721153846153844 0.04567307692307692 0.03125
0 0.734375 0.2283653846153846 0.06490384615384616 0.051682692307692304
0 0.2127403846153846 0.8413461538461539 0.039663461538461536 0.027644230769230768
0 0.5432692307692307 0.8269230769230769 0.057692307692307696 0.025240384615384616
0 0.2403846153846154 0.8257211538461539 0.055288461538461536 0.03245192307692308
0 0.5913461538461539 0.8064903846153846 0.06370192307692307 0.036057692307692304
0 0.7632211538461539 0.7932692307692307 0.038461538461538464 0.03245192307692308
0 0.22596153846153846 0.7872596153846154 0.07091346153846154 0.036057692307692304
0 0.46634615384615385 0.7752403846153846 0.04567307692307692 0.028846153846153848
0 0.6069711538461539 0.7704326923076923 0.06610576923076923 0.037259615384615384
0 0.1141826923076923 0.7463942307692307 0.036057692307692304 0.030048076923076924
0 0.3786057692307692 0.7403846153846154 0.037259615384615384 0.020432692307692308
0 0.5360576923076923 0.7307692307692307 0.06850961538461539 0.039663461538461536