0 0.37259615384615385 0.7091346153846154 0.09975961538461539 0.06370192307692307
0 0.2824519230769231 0.6983173076923077 0.10697115384615384 0.06971153846153846
0 0.18990384615384615 0.6526442307692307 0.12980769230769232 0.10697115384615384
0 0.5132211538461539 0.6478365384615384 0.14423076923076922 0.0625
0 0.3870192307692308 0.6430288461538461 0.12620192307692307 0.07692307692307693
0 0.2776442307692308 0.6213942307692307 0.09375 0.07932692307692307
0 0.15504807692307693 0.5504807692307693 0.14903846153846154 0.11057692307692307
0 0.27884615384615385 0.5480769230769231 0.08052884615384616 0.04927884615384615
0 0.6033653846153846 0.5084134615384616 0.07932692307692307 0.040865384615384616
0 0.6009615384615384 0.4675480769230769 0.06490384615384616 0.037259615384615384
0 0.5024038461538461 0.46153846153846156 0.1346153846153846 0.05048076923076923
0 0.7848557692307693 0.9242788461538461 0.05048076923076923 0.036057692307692304
0 0.13822115384615385 0.8341346153846154 0.14783653846153846 0.07451923076923077
0 0.36538461538461536 0.8040865384615384 0.17548076923076922 0.07932692307692307
0 0.6322115384615384 0.796875 0.1045673076923077 0.06009615384615385
0 0.5048076923076923 0.7920673076923077 0.11057692307692307 0.057692307692307696
0 0.23317307692307693 0.7668269230769231 0.17067307692307693 0.09975961538461539
0 0.6358173076923077 0.7403846153846154 0.16105769230769232 0.0985576923076923
0 0.5324519230769231 0.7331730769230769 0.12980769230769232 0.06610576923076923
0 0.15264423076923078 0.7163461538461539 0.09254807692307693 0.052884615384615384
0 0.4951923076923077 0.7115384615384616 0.15625 0.06370192307692307