0 0.2536057692307692 0.3076923076923077 0.10336538461538461 0.0673076923076923
0 0.47716346153846156 0.4098557692307692 0.04447115384615385 0.020432692307692308
0 0.18629807692307693 0.43509615384615385 0.042067307692307696 0.036057692307692304
0 0.46274038461538464 0.43509615384615385 0.04447115384615385 0.02283653846153846
0 0.4266826923076923 0.4362980769230769 0.030048076923076924 0.027644230769230768
0 0.23076923076923078 0.44591346153846156 0.04807692307692308 0.03125
0 0.38221153846153844 0.4483173076923077 0.027644230769230768 0.019230769230769232
0 0.3425480769230769 0.46033653846153844 0.051682692307692304 0.036057692307692304
0 0.3004807692307692 0.46274038461538464 0.036057692307692304 0.026442307692307692
0 0.2127403846153846 0.4651442307692308 0.03365384615384615 0.021634615384615384
0 0.25961538461538464 0.47475961538461536 0.06009615384615385 0.03125
0 0.1935096153846154 0.48197115384615385 0.025240384615384616 0.014423076923076924
0 0.31009615384615385 0.4879807692307692 0.06129807692307692 0.027644230769230768
0 0.24278846153846154 0.5024038461538461 0.1045673076923077 0.038461538461538464
0 0.15264423076923078 0.6610576923076923 0.06129807692307692 0.027644230769230768
0 0.25600961538461536 0.6742788461538461 0.06971153846153846 0.039663461538461536
0 0.23798076923076922 0.28846153846153844 0.027644230769230768 0.02403846153846154