0 0.7127403846153846 0.5721153846153846 0.08413461538461539 0.06610576923076923
0 0.6382211538461539 0.6766826923076923 0.1346153846153846 0.08774038461538461
0 0.5324519230769231 0.6514423076923077 0.07932692307692307 0.07572115384615384
0 0.46033653846153844 0.6766826923076923 0.08533653846153846 0.13341346153846154
0 0.3894230769230769 0.5288461538461539 0.1201923076923077 0.09975961538461539
0 0.24759615384615385 0.44350961538461536 0.10697115384615384 0.19110576923076922
0 0.3233173076923077 0.21754807692307693 0.12860576923076922 0.25600961538461536
0 0.21033653846153846 0.07692307692307693 0.13581730769230768 0.10336538461538461
0 0.16947115384615385 0.21995192307692307 0.10817307692307693 0.15504807692307693
0 0.45552884615384615 0.2620192307692308 0.12740384615384615 0.09014423076923077
0 0.2283653846153846 0.7151442307692307 0.13822115384615385 0.08533653846153846
0 0.30649038461538464 0.625 0.22355769230769232 0.16105769230769232
0 0.5709134615384616 0.7259615384615384 0.11778846153846154 0.0733173076923077