0 0.7247596153846154 0.3557692307692308 0.04567307692307692 0.026442307692307692
0 0.8028846153846154 0.4675480769230769 0.028846153846153848 0.021634615384615384
0 0.59375 0.47716346153846156 0.042067307692307696 0.020432692307692308
0 0.6189903846153846 0.4879807692307692 0.02403846153846154 0.020432692307692308
0 0.7932692307692307 0.5072115384615384 0.038461538461538464 0.03125
0 0.25721153846153844 0.5084134615384616 0.027644230769230768 0.016826923076923076
0 0.28846153846153844 0.5384615384615384 0.042067307692307696 0.046875
0 0.3317307692307692 0.5396634615384616 0.040865384615384616 0.03245192307692308
0 0.46033653846153844 0.546875 0.036057692307692304 0.020432692307692308
0 0.7091346153846154 0.5480769230769231 0.06850961538461539 0.04326923076923077
0 0.7475961538461539 0.5540865384615384 0.0625 0.03125
0 0.5721153846153846 0.5612980769230769 0.051682692307692304 0.025240384615384616
0 0.40865384615384615 0.5673076923076923 0.042067307692307696 0.02403846153846154
0 0.6466346153846154 0.5685096153846154 0.04326923076923077 0.03485576923076923
0 0.25961538461538464 0.5721153846153846 0.038461538461538464 0.03245192307692308
0 0.2980769230769231 0.5997596153846154 0.16105769230769232 0.03125
0 0.515625 0.6225961538461539 0.030048076923076924 0.054086538461538464
0 0.4074519230769231 0.6514423076923077 0.057692307692307696 0.06971153846153846