0 0.9002403846153846 0.37259615384615385 0.037259615384615384 0.027644230769230768
0 0.9194711538461539 0.4254807692307692 0.03125 0.02403846153846154
0 0.7824519230769231 0.21033653846153846 0.03365384615384615 0.025240384615384616
0 0.7475961538461539 0.19110576923076922 0.03245192307692308 0.020432692307692308
0 0.6081730769230769 0.14302884615384615 0.06610576923076923 0.028846153846153848
0 0.8305288461538461 0.5348557692307693 0.026442307692307692 0.018028846153846152
0 0.8305288461538461 0.5661057692307693 0.04326923076923077 0.04326923076923077
0 0.7932692307692307 0.5612980769230769 0.03245192307692308 0.02283653846153846
0 0.7980769230769231 0.5877403846153846 0.03365384615384615 0.02283653846153846
0 0.7716346153846154 0.6394230769230769 0.030048076923076924 0.021634615384615384
0 0.6923076923076923 0.7067307692307693 0.028846153846153848 0.021634615384615384
0 0.6899038461538461 0.6802884615384616 0.03485576923076923 0.02403846153846154
0 0.7079326923076923 0.71875 0.025240384615384616 0.015625
0 0.703125 0.5793269230769231 0.03365384615384615 0.02403846153846154
0 0.7379807692307693 0.515625 0.025240384615384616 0.015625
0 0.6790865384615384 0.4891826923076923 0.028846153846153848 0.018028846153846152
0 0.6850961538461539 0.46875 0.028846153846153848 0.018028846153846152
0 0.6670673076923077 0.453125 0.03125 0.025240384615384616
0 0.6466346153846154 0.41947115384615385 0.039663461538461536 0.03365384615384615
0 0.5829326923076923 0.4411057692307692 0.03125 0.020432692307692308
0 0.6129807692307693 0.49399038461538464 0.03245192307692308 0.027644230769230768
0 0.6322115384615384 0.46153846153846156 0.07211538461538461 0.04447115384615385
0 0.6177884615384616 0.4362980769230769 0.06490384615384616 0.046875
0 0.5925480769230769 0.39302884615384615 0.042067307692307696 0.025240384615384616
0 0.5444711538461539 0.38221153846153844 0.036057692307692304 0.02403846153846154
0 0.5408653846153846 0.3557692307692308 0.06370192307692307 0.025240384615384616
0 0.5372596153846154 0.3293269230769231 0.03365384615384615 0.026442307692307692
0 0.44711538461538464 0.31850961538461536 0.042067307692307696 0.03485576923076923
0 0.4639423076923077 0.3798076923076923 0.037259615384615384 0.019230769230769232
0 0.49158653846153844 0.37259615384615385 0.02403846153846154 0.015625
0 0.4639423076923077 0.359375 0.037259615384615384 0.020432692307692308
0 0.4831730769230769 0.35216346153846156 0.0673076923076923 0.038461538461538464
0 0.3870192307692308 0.41346153846153844 0.040865384615384616 0.07572115384615384
0 0.3233173076923077 0.35216346153846156 0.03125 0.02283653846153846
0 0.29086538461538464 0.3786057692307692 0.036057692307692304 0.02403846153846154
0 0.33774038461538464 0.296875 0.030048076923076924 0.021634615384615384
0 0.3161057692307692 0.32211538461538464 0.039663461538461536 0.028846153846153848
0 0.28125 0.3161057692307692 0.03125 0.021634615384615384
0 0.30288461538461536 0.28125 0.036057692307692304 0.02403846153846154
0 0.2512019230769231 0.2956730769230769 0.04326923076923077 0.03485576923076923
0 0.21514423076923078 0.22115384615384615 0.027644230769230768 0.026442307692307692
0 0.2548076923076923 0.24519230769230768 0.04326923076923077 0.019230769230769232
0 0.27283653846153844 0.2620192307692308 0.02283653846153846 0.013221153846153846
0 0.15745192307692307 0.28365384615384615 0.018028846153846152 0.018028846153846152
0 0.3737980769230769 0.5024038461538461 0.028846153846153848 0.020432692307692308
0 0.37259615384615385 0.5252403846153846 0.03245192307692308 0.02283653846153846
0 0.3870192307692308 0.5480769230769231 0.036057692307692304 0.020432692307692308
0 0.3641826923076923 0.5673076923076923 0.037259615384615384 0.025240384615384616
0 0.33413461538461536 0.5901442307692307 0.04447115384615385 0.036057692307692304
0 0.41466346153846156 0.5769230769230769 0.03365384615384615 0.03125
0 0.46875 0.5564903846153846 0.055288461538461536 0.027644230769230768
0 0.5384615384615384 0.5384615384615384 0.057692307692307696 0.03365384615384615
0 0.5120192307692307 0.5276442307692307 0.04927884615384615 0.030048076923076924
0 0.6177884615384616 0.5324519230769231 0.028846153846153848 0.019230769230769232
0 0.6646634615384616 0.5228365384615384 0.027644230769230768 0.018028846153846152
0 0.6670673076923077 0.5456730769230769 0.07091346153846154 0.03365384615384615
0 0.6382211538461539 0.5576923076923077 0.0733173076923077 0.027644230769230768
0 0.6141826923076923 0.5997596153846154 0.037259615384615384 0.028846153846153848
0 0.5216346153846154 0.5973557692307693 0.021634615384615384 0.026442307692307692
0 0.5769230769230769 0.6526442307692307 0.020432692307692308 0.014423076923076924
0 0.5168269230769231 0.6826923076923077 0.028846153846153848 0.016826923076923076
0 0.4567307692307692 0.65625 0.04326923076923077 0.027644230769230768
0 0.46634615384615385 0.6346153846153846 0.03245192307692308 0.02403846153846154
0 0.4266826923076923 0.6286057692307693 0.037259615384615384 0.030048076923076924
0 0.46153846153846156 0.6105769230769231 0.02283653846153846 0.018028846153846152
0 0.41466346153846156 0.6899038461538461 0.037259615384615384 0.028846153846153848
0 0.4266826923076923 0.7139423076923077 0.038461538461538464 0.027644230769230768
0 0.46875 0.7283653846153846 0.028846153846153848 0.019230769230769232
0 0.5853365384615384 0.5793269230769231 0.03125 0.013221153846153846
0 0.5697115384615384 0.59375 0.06009615384615385 0.04447115384615385
0 0.29927884615384615 0.7151442307692307 0.025240384615384616 0.014423076923076924
0 0.4699519230769231 0.40865384615384615 0.020432692307692308 0.019230769230769232
0 0.4795673076923077 0.47596153846153844 0.026442307692307692 0.021634615384615384