0 0.15625 0.5096153846153846 0.03245192307692308 0.020432692307692308
0 0.19951923076923078 0.4855769230769231 0.036057692307692304 0.02283653846153846
0 0.5997596153846154 0.4855769230769231 0.09014423076923077 0.08173076923076923
0 0.7980769230769231 0.44350961538461536 0.0889423076923077 0.056490384615384616
0 0.7151442307692307 0.4362980769230769 0.042067307692307696 0.037259615384615384
0 0.5396634615384616 0.4266826923076923 0.06129807692307692 0.04567307692307692
0 0.21394230769230768 0.4266826923076923 0.08052884615384616 0.054086538461538464
0 0.7680288461538461 0.4230769230769231 0.07451923076923077 0.03125
0 0.1502403846153846 0.41346153846153844 0.039663461538461536 0.036057692307692304
0 0.7836538461538461 0.3605769230769231 0.057692307692307696 0.03485576923076923
0 0.7728365384615384 0.30649038461538464 0.07091346153846154 0.04447115384615385
0 0.75 0.2692307692307692 0.04326923076923077 0.021634615384615384
0 0.35096153846153844 0.8461538461538461 0.04447115384615385 0.04567307692307692
0 0.4254807692307692 0.8449519230769231 0.052884615384615384 0.03365384615384615
0 0.39302884615384615 0.8365384615384616 0.040865384615384616 0.028846153846153848
0 0.4723557692307692 0.8257211538461539 0.07091346153846154 0.03365384615384615
0 0.38341346153846156 0.8173076923076923 0.057692307692307696 0.027644230769230768
0 0.47115384615384615 0.8040865384615384 0.1045673076923077 0.037259615384615384
0 0.5024038461538461 0.7776442307692307 0.03365384615384615 0.02283653846153846
0 0.53125 0.7668269230769231 0.036057692307692304 0.028846153846153848