0 0.8377403846153846 0.5204326923076923 0.036057692307692304 0.05889423076923077
0 0.7920673076923077 0.5096153846153846 0.056490384615384616 0.0625
0 0.7776442307692307 0.5456730769230769 0.03125 0.021634615384615384
0 0.8653846153846154 0.49038461538461536 0.056490384615384616 0.07451923076923077
0 0.8870192307692307 0.4579326923076923 0.04927884615384615 0.05889423076923077
0 0.8112980769230769 0.6153846153846154 0.051682692307692304 0.07211538461538461
0 0.765625 0.6334134615384616 0.051682692307692304 0.06490384615384616
0 0.8846153846153846 0.6634615384615384 0.028846153846153848 0.056490384615384616
0 0.7175480769230769 0.6935096153846154 0.03485576923076923 0.05048076923076923
0 0.7475961538461539 0.7055288461538461 0.06009615384615385 0.0889423076923077
0 0.6995192307692307 0.7331730769230769 0.040865384615384616 0.03485576923076923
0 0.8209134615384616 0.7127403846153846 0.08533653846153846 0.11177884615384616
0 0.8497596153846154 0.9278846153846154 0.06129807692307692 0.07091346153846154
0 0.7944711538461539 0.9399038461538461 0.06610576923076923 0.06370192307692307
0 0.7403846153846154 0.953125 0.051682692307692304 0.03485576923076923
0 0.7463942307692307 0.9074519230769231 0.04326923076923077 0.054086538461538464
0 0.7872596153846154 0.8846153846153846 0.056490384615384616 0.05048076923076923
0 0.8569711538461539 0.8762019230769231 0.036057692307692304 0.03245192307692308
0 0.8305288461538461 0.8545673076923077 0.03245192307692308 0.030048076923076924
0 0.8377403846153846 0.8064903846153846 0.0625 0.0625
0 0.8725961538461539 0.8485576923076923 0.03365384615384615 0.046875
0 0.7644230769230769 0.8473557692307693 0.06009615384615385 0.057692307692307696
0 0.7872596153846154 0.7956730769230769 0.042067307692307696 0.054086538461538464
0 0.7680288461538461 0.7740384615384616 0.055288461538461536 0.0673076923076923
0 0.7283653846153846 0.7848557692307693 0.036057692307692304 0.042067307692307696
0 0.6814903846153846 0.9182692307692307 0.0625 0.06370192307692307
0 0.6454326923076923 0.8882211538461539 0.05889423076923077 0.06370192307692307
0 0.6706730769230769 0.9591346153846154 0.051682692307692304 0.019230769230769232
0 0.71875 0.8713942307692307 0.04807692307692308 0.06850961538461539
0 0.6814903846153846 0.8040865384615384 0.057692307692307696 0.12860576923076922
0 0.6189903846153846 0.7920673076923077 0.03245192307692308 0.027644230769230768
0 0.6382211538461539 0.8149038461538461 0.030048076923076924 0.028846153846153848
0 0.5757211538461539 0.8269230769230769 0.04567307692307692 0.06490384615384616
0 0.5961538461538461 0.8942307692307693 0.046875 0.04447115384615385
0 0.6310096153846154 0.9423076923076923 0.03485576923076923 0.04807692307692308
0 0.5228365384615384 0.8810096153846154 0.0889423076923077 0.0625
0 0.48197115384615385 0.8389423076923077 0.04326923076923077 0.027644230769230768
0 0.5360576923076923 0.8197115384615384 0.09254807692307693 0.04567307692307692
0 0.2800480769230769 0.9399038461538461 0.05048076923076923 0.026442307692307692
0 0.26322115384615385 0.9050480769230769 0.056490384615384616 0.06850961538461539
0 0.3016826923076923 0.8954326923076923 0.040865384615384616 0.042067307692307696
0 0.2848557692307692 0.9134615384615384 0.025240384615384616 0.015625
0 0.31850961538461536 0.8401442307692307 0.03245192307692308 0.027644230769230768
0 0.33052884615384615 0.8846153846153846 0.05048076923076923 0.04927884615384615
0 0.3762019230769231 0.8798076923076923 0.052884615384615384 0.05889423076923077
0 0.41947115384615385 0.8677884615384616 0.056490384615384616 0.06009615384615385
0 0.44711538461538464 0.8894230769230769 0.06971153846153846 0.04326923076923077