0 0.7487980769230769 0.2956730769230769 0.051682692307692304 0.040865384615384616
0 0.6598557692307693 0.296875 0.027644230769230768 0.020432692307692308
0 0.71875 0.31490384615384615 0.036057692307692304 0.02403846153846154
0 0.5516826923076923 0.31971153846153844 0.052884615384615384 0.036057692307692304
0 0.6850961538461539 0.32091346153846156 0.039663461538461536 0.027644230769230768
0 0.46153846153846156 0.328125 0.03365384615384615 0.027644230769230768
0 0.6754807692307693 0.35096153846153844 0.03125 0.02403846153846154
0 0.46033653846153844 0.3557692307692308 0.06850961538461539 0.02403846153846154
0 0.5372596153846154 0.359375 0.040865384615384616 0.02403846153846154
0 0.09735576923076923 0.3713942307692308 0.04326923076923077 0.030048076923076924
0 0.5084134615384616 0.37259615384615385 0.025240384615384616 0.016826923076923076
0 0.7091346153846154 0.3786057692307692 0.03485576923076923 0.025240384615384616
0 0.5348557692307693 0.3798076923076923 0.03245192307692308 0.020432692307692308
0 0.4567307692307692 0.38221153846153844 0.03485576923076923 0.02403846153846154
0 0.40865384615384615 0.3870192307692308 0.04447115384615385 0.042067307692307696
0 0.6129807692307693 0.4110576923076923 0.04567307692307692 0.07692307692307693
0 0.35336538461538464 0.41947115384615385 0.04326923076923077 0.03485576923076923
0 0.07932692307692307 0.42427884615384615 0.03245192307692308 0.030048076923076924
0 0.41586538461538464 0.4423076923076923 0.028846153846153848 0.019230769230769232
0 0.3329326923076923 0.453125 0.03245192307692308 0.026442307692307692
0 0.36778846153846156 0.46033653846153844 0.0733173076923077 0.04807692307692308
0 0.31490384615384615 0.46875 0.03125 0.021634615384615384
0 0.5204326923076923 0.47836538461538464 0.027644230769230768 0.025240384615384616
0 0.32211538461538464 0.49158653846153844 0.037259615384615384 0.020432692307692308
0 0.3894230769230769 0.4963942307692308 0.036057692307692304 0.025240384615384616
0 0.6262019230769231 0.5024038461538461 0.03365384615384615 0.020432692307692308
0 0.26322115384615385 0.515625 0.028846153846153848 0.016826923076923076
0 0.33653846153846156 0.5240384615384616 0.03365384615384615 0.021634615384615384
0 0.6274038461538461 0.5252403846153846 0.036057692307692304 0.02283653846153846
0 0.4891826923076923 0.5264423076923077 0.04927884615384615 0.03365384615384615
0 0.38461538461538464 0.5324519230769231 0.03245192307692308 0.020432692307692308
0 0.1658653846153846 0.5336538461538461 0.03125 0.020432692307692308
0 0.4579326923076923 0.5396634615384616 0.06610576923076923 0.03485576923076923
0 0.3317307692307692 0.5444711538461539 0.07451923076923077 0.037259615384615384
0 0.5324519230769231 0.5564903846153846 0.057692307692307696 0.027644230769230768
0 0.3629807692307692 0.5576923076923077 0.0733173076923077 0.03485576923076923
0 0.20673076923076922 0.5612980769230769 0.03485576923076923 0.025240384615384616
0 0.16706730769230768 0.5637019230769231 0.046875 0.04447115384615385
0 0.6358173076923077 0.5661057692307693 0.03485576923076923 0.026442307692307692
0 0.5841346153846154 0.5769230769230769 0.03485576923076923 0.028846153846153848
0 0.41225961538461536 0.5769230769230769 0.04326923076923077 0.015625
0 0.296875 0.578125 0.04447115384615385 0.027644230769230768
0 0.20072115384615385 0.5877403846153846 0.03485576923076923 0.026442307692307692
0 0.6634615384615384 0.5901442307692307 0.040865384615384616 0.03365384615384615
0 0.47716346153846156 0.5961538461538461 0.027644230769230768 0.025240384615384616
0 0.4254807692307692 0.5985576923076923 0.04807692307692308 0.03365384615384615
0 0.38461538461538464 0.6009615384615384 0.040865384615384616 0.03365384615384615
0 0.5348557692307693 0.6117788461538461 0.02403846153846154 0.019230769230769232
0 0.5733173076923077 0.6274038461538461 0.038461538461538464 0.03125
0 0.5324519230769231 0.6346153846153846 0.03245192307692308 0.02403846153846154
0 0.22716346153846154 0.6382211538461539 0.03365384615384615 0.021634615384615384
0 0.4230769230769231 0.6514423076923077 0.02403846153846154 0.016826923076923076
0 0.5432692307692307 0.6574519230769231 0.046875 0.027644230769230768
0 0.3112980769230769 0.6802884615384616 0.04326923076923077 0.03245192307692308
0 0.484375 0.6814903846153846 0.03125 0.019230769230769232
0 0.5865384615384616 0.6887019230769231 0.040865384615384616 0.03125
0 0.30408653846153844 0.7115384615384616 0.054086538461538464 0.039663461538461536
0 0.5757211538461539 0.7151442307692307 0.046875 0.03125
0 0.38822115384615385 0.7211538461538461 0.03245192307692308 0.021634615384615384
0 0.5300480769230769 0.7283653846153846 0.03365384615384615 0.020432692307692308
0 0.3870192307692308 0.14182692307692307 0.07932692307692307 0.036057692307692304
0 0.25 0.18870192307692307 0.04447115384615385 0.026442307692307692
0 0.21754807692307693 0.20793269230769232 0.04326923076923077 0.03125
0 0.7848557692307693 0.22235576923076922 0.028846153846153848 0.026442307692307692
0 0.75 0.24879807692307693 0.04567307692307692 0.027644230769230768
0 0.6959134615384616 0.2800480769230769 0.039663461538461536 0.02283653846153846