0 0.203125 0.2800480769230769 0.1814903846153846 0.07932692307692307
0 0.47115384615384615 0.3641826923076923 0.08774038461538461 0.06490384615384616
0 0.6141826923076923 0.27524038461538464 0.09254807692307693 0.06971153846153846
0 0.5516826923076923 0.31490384615384615 0.18028846153846154 0.140625
0 0.7908653846153846 0.36899038461538464 0.12860576923076922 0.1346153846153846
0 0.5180288461538461 0.18028846153846154 0.08653846153846154 0.07091346153846154
0 0.5685096153846154 0.16346153846153846 0.265625 0.15144230769230768
0 0.20793269230769232 0.6213942307692307 0.10576923076923077 0.0625
0 0.32211538461538464 0.6033653846153846 0.08052884615384616 0.06490384615384616
0 0.4362980769230769 0.5769230769230769 0.10576923076923077 0.057692307692307696
0 0.5492788461538461 0.5637019230769231 0.11658653846153846 0.07451923076923077
0 0.7115384615384616 0.5204326923076923 0.1310096153846154 0.08173076923076923
0 0.8076923076923077 0.6225961538461539 0.10216346153846154 0.08173076923076923
0 0.6875 0.7487980769230769 0.08052884615384616 0.057692307692307696
0 0.5661057692307693 0.4338942307692308 0.5036057692307693 0.12620192307692307