0 0.7680288461538461 0.15865384615384615 0.06370192307692307 0.05889423076923077
0 0.7067307692307693 0.22115384615384615 0.09134615384615384 0.037259615384615384
0 0.7800480769230769 0.2091346153846154 0.11298076923076923 0.039663461538461536
0 0.8088942307692307 0.24639423076923078 0.0625 0.036057692307692304
0 0.8665865384615384 0.30528846153846156 0.0673076923076923 0.038461538461538464
0 0.8942307692307693 0.3329326923076923 0.03125 0.030048076923076924
0 0.42427884615384615 0.4423076923076923 0.14903846153846154 0.054086538461538464
0 0.2956730769230769 0.5432692307692307 0.057692307692307696 0.038461538461538464
0 0.22956730769230768 0.5661057692307693 0.05048076923076923 0.028846153846153848
0 0.24639423076923078 0.6141826923076923 0.04807692307692308 0.037259615384615384
0 0.2548076923076923 0.6262019230769231 0.11057692307692307 0.08533653846153846
0 0.3245192307692308 0.6370192307692307 0.078125 0.0625
0 0.7920673076923077 0.703125 0.0625 0.04326923076923077
0 0.5769230769230769 0.7007211538461539 0.04567307692307692 0.027644230769230768
0 0.4387019230769231 0.7079326923076923 0.0673076923076923 0.07211538461538461
0 0.7896634615384616 0.41466346153846156 0.04326923076923077 0.027644230769230768