0 0.25961538461538464 0.3137019230769231 0.11298076923076923 0.06370192307692307
0 0.8149038461538461 0.35336538461538464 0.07572115384615384 0.051682692307692304
0 0.8701923076923077 0.36899038461538464 0.06490384615384616 0.0673076923076923
0 0.7740384615384616 0.3701923076923077 0.0733173076923077 0.06490384615384616
0 0.22355769230769232 0.37259615384615385 0.10697115384615384 0.07091346153846154
0 0.5372596153846154 0.3954326923076923 0.057692307692307696 0.026442307692307692
0 0.8425480769230769 0.4026442307692308 0.046875 0.04927884615384615
0 0.46634615384615385 0.41947115384615385 0.04567307692307692 0.03125
0 0.4110576923076923 0.4326923076923077 0.056490384615384616 0.027644230769230768
0 0.6610576923076923 0.4495192307692308 0.057692307692307696 0.036057692307692304
0 0.6129807692307693 0.47115384615384615 0.05048076923076923 0.038461538461538464
0 0.5552884615384616 0.47596153846153844 0.055288461538461536 0.03245192307692308
0 0.47115384615384615 0.4879807692307692 0.056490384615384616 0.030048076923076924
0 0.5432692307692307 0.5084134615384616 0.06009615384615385 0.03245192307692308
0 0.5564903846153846 0.13581730769230768 0.052884615384615384 0.026442307692307692
0 0.8112980769230769 0.15144230769230768 0.1310096153846154 0.057692307692307696
0 0.6658653846153846 0.20192307692307693 0.07932692307692307 0.028846153846153848
0 0.6382211538461539 0.24639423076923078 0.14302884615384615 0.055288461538461536
0 0.26802884615384615 0.25 0.171875 0.054086538461538464
0 0.296875 0.2620192307692308 0.13581730769230768 0.046875