0 0.7536057692307693 0.7055288461538461 0.051682692307692304 0.0889423076923077
0 0.7199519230769231 0.6947115384615384 0.038461538461538464 0.04927884615384615
0 0.7596153846153846 0.6322115384615384 0.054086538461538464 0.0673076923076923
0 0.8149038461538461 0.6141826923076923 0.0625 0.07211538461538461
0 0.7752403846153846 0.546875 0.04447115384615385 0.02283653846153846
0 0.8353365384615384 0.5228365384615384 0.042067307692307696 0.0673076923076923
0 0.7379807692307693 0.9519230769230769 0.046875 0.036057692307692304
0 0.7932692307692307 0.5096153846153846 0.0625 0.0625
0 0.8653846153846154 0.49038461538461536 0.06129807692307692 0.07451923076923077
0 0.7956730769230769 0.9387019230769231 0.06850961538461539 0.06610576923076923
0 0.2824519230769231 0.9387019230769231 0.056490384615384616 0.026442307692307692
0 0.8497596153846154 0.9254807692307693 0.06009615384615385 0.0733173076923077
0 0.6826923076923077 0.9158653846153846 0.07091346153846154 0.06370192307692307
0 0.2848557692307692 0.9122596153846154 0.028846153846153848 0.018028846153846152
0 0.7463942307692307 0.90625 0.042067307692307696 0.06009615384615385
0 0.3016826923076923 0.8966346153846154 0.046875 0.038461538461538464
0 0.5961538461538461 0.8930288461538461 0.04326923076923077 0.046875
0 0.6454326923076923 0.8870192307692307 0.055288461538461536 0.056490384615384616
0 0.328125 0.8846153846153846 0.054086538461538464 0.046875
0 0.7884615384615384 0.8846153846153846 0.05889423076923077 0.054086538461538464
0 0.3762019230769231 0.8810096153846154 0.055288461538461536 0.054086538461538464
0 0.5228365384615384 0.8786057692307693 0.08413461538461539 0.0673076923076923
0 0.8569711538461539 0.8774038461538461 0.042067307692307696 0.037259615384615384
0 0.71875 0.8677884615384616 0.046875 0.06610576923076923
0 0.41947115384615385 0.8533653846153846 0.052884615384615384 0.036057692307692304
0 0.828125 0.8509615384615384 0.03485576923076923 0.030048076923076924
0 0.8737980769230769 0.8497596153846154 0.03245192307692308 0.04567307692307692
0 0.765625 0.8461538461538461 0.06610576923076923 0.052884615384615384
0 0.3173076923076923 0.8401442307692307 0.03125 0.030048076923076924
0 0.48197115384615385 0.8389423076923077 0.04567307692307692 0.028846153846153848
0 0.5733173076923077 0.828125 0.04807692307692308 0.06129807692307692
0 0.6418269230769231 0.8149038461538461 0.03245192307692308 0.028846153846153848
0 0.6826923076923077 0.8052884615384616 0.05048076923076923 0.13341346153846154
0 0.8389423076923077 0.8040865384615384 0.06490384615384616 0.06490384615384616
0 0.6213942307692307 0.7944711538461539 0.03485576923076923 0.03125
0 0.7283653846153846 0.7872596153846154 0.036057692307692304 0.04567307692307692
0 0.7644230769230769 0.7728365384615384 0.054086538461538464 0.06490384615384616
0 0.8521634615384616 0.7355769230769231 0.03125 0.03125
0 0.7007211538461539 0.7355769230769231 0.03485576923076923 0.038461538461538464
0 0.8233173076923077 0.7103365384615384 0.09134615384615384 0.1201923076923077