0 0.09495192307692307 0.8197115384615384 0.04567307692307692 0.028846153846153848
0 0.16346153846153846 0.7992788461538461 0.08774038461538461 0.06850961538461539
0 0.234375 0.7836538461538461 0.046875 0.038461538461538464
0 0.30408653846153844 0.7920673076923077 0.03485576923076923 0.028846153846153848
0 0.2644230769230769 0.828125 0.04807692307692308 0.06490384615384616
0 0.29927884615384615 0.8461538461538461 0.042067307692307696 0.042067307692307696
0 0.28365384615384615 0.75 0.056490384615384616 0.042067307692307696
0 0.42427884615384615 0.6887019230769231 0.05889423076923077 0.03365384615384615
0 0.4050480769230769 0.7932692307692307 0.04807692307692308 0.038461538461538464
0 0.41225961538461536 0.75 0.06490384615384616 0.046875
0 0.46875 0.7920673076923077 0.052884615384615384 0.078125
0 0.4338942307692308 0.8846153846153846 0.11778846153846154 0.040865384615384616
0 0.5216346153846154 0.875 0.051682692307692304 0.028846153846153848
0 0.5048076923076923 0.5697115384615384 0.03485576923076923 0.02403846153846154
0 0.5612980769230769 0.4963942307692308 0.03485576923076923 0.02283653846153846
0 0.4963942307692308 0.45072115384615385 0.025240384615384616 0.015625
0 0.6346153846153846 0.2932692307692308 0.04567307692307692 0.03125
0 0.6899038461538461 0.296875 0.052884615384615384 0.037259615384615384
0 0.6213942307692307 0.2620192307692308 0.0733173076923077 0.03125
0 0.5612980769230769 0.34615384615384615 0.052884615384615384 0.019230769230769232
0 0.5877403846153846 0.3641826923076923 0.039663461538461536 0.025240384615384616
0 0.4338942307692308 0.38341346153846156 0.040865384615384616 0.030048076923076924
0 0.25721153846153844 0.3798076923076923 0.04326923076923077 0.02283653846153846
0 0.22596153846153846 0.33653846153846156 0.06610576923076923 0.04447115384615385
0 0.15865384615384615 0.38822115384615385 0.07091346153846154 0.021634615384615384
0 0.2247596153846154 0.41466346153846156 0.056490384615384616 0.04807692307692308
0 0.09254807692307693 0.42788461538461536 0.0625 0.040865384615384616
0 0.40384615384615385 0.33774038461538464 0.03485576923076923 0.02283653846153846
0 0.484375 0.31009615384615385 0.13341346153846154 0.04447115384615385