0 0.3076923076923077 0.6947115384615384 0.040865384615384616 0.025240384615384616
0 0.2932692307692308 0.65625 0.05048076923076923 0.039663461538461536
0 0.3786057692307692 0.7283653846153846 0.056490384615384616 0.040865384615384616
0 0.44591346153846156 0.7560096153846154 0.06490384615384616 0.036057692307692304
0 0.5120192307692307 0.7848557692307693 0.06850961538461539 0.03485576923076923
0 0.6141826923076923 0.6947115384615384 0.038461538461538464 0.028846153846153848
0 0.6490384615384616 0.6947115384615384 0.03365384615384615 0.019230769230769232
0 0.6850961538461539 0.7055288461538461 0.04447115384615385 0.025240384615384616
0 0.6754807692307693 0.7596153846153846 0.09375 0.06490384615384616
0 0.7451923076923077 0.7235576923076923 0.07451923076923077 0.040865384615384616
0 0.6550480769230769 0.5997596153846154 0.02403846153846154 0.021634615384615384
0 0.5348557692307693 0.6706730769230769 0.036057692307692304 0.019230769230769232
0 0.4567307692307692 0.6286057692307693 0.040865384615384616 0.04567307692307692
0 0.40384615384615385 0.6814903846153846 0.03485576923076923 0.02283653846153846
0 0.6826923076923077 0.4170673076923077 0.06490384615384616 0.06610576923076923
0 0.8197115384615384 0.3269230769230769 0.039663461538461536 0.020432692307692308
0 0.5216346153846154 0.421875 0.030048076923076924 0.016826923076923076
0 0.4951923076923077 0.4338942307692308 0.021634615384615384 0.01201923076923077
0 0.5180288461538461 0.45913461538461536 0.028846153846153848 0.02283653846153846
0 0.4891826923076923 0.4879807692307692 0.055288461538461536 0.030048076923076924
0 0.453125 0.45072115384615385 0.04447115384615385 0.040865384615384616
0 0.3293269230769231 0.4879807692307692 0.040865384615384616 0.025240384615384616
0 0.3954326923076923 0.47115384615384615 0.056490384615384616 0.03125
0 0.3545673076923077 0.515625 0.046875 0.03125
0 0.35096153846153844 0.5480769230769231 0.046875 0.02403846153846154
0 0.27283653846153844 0.5264423076923077 0.0985576923076923 0.06850961538461539
0 0.21754807692307693 0.6117788461538461 0.04447115384615385 0.028846153846153848
0 0.24158653846153846 0.640625 0.025240384615384616 0.02283653846153846
0 0.23557692307692307 0.5564903846153846 0.11778846153846154 0.04326923076923077
0 0.27283653846153844 0.6141826923076923 0.06370192307692307 0.04567307692307692
0 0.5456730769230769 0.5444711538461539 0.02403846153846154 0.028846153846153848
0 0.6069711538461539 0.5336538461538461 0.03125 0.03365384615384615
0 0.6009615384615384 0.5 0.06009615384615385 0.054086538461538464
0 0.4182692307692308 0.5841346153846154 0.021634615384615384 0.019230769230769232