0 0.7596153846153846 0.296875 0.054086538461538464 0.039663461538461536
0 0.3329326923076923 0.296875 0.028846153846153848 0.02283653846153846
0 0.8137019230769231 0.3245192307692308 0.05048076923076923 0.055288461538461536
0 0.34615384615384615 0.32572115384615385 0.051682692307692304 0.04927884615384615
0 0.7331730769230769 0.34375 0.06009615384615385 0.078125
0 0.1346153846153846 0.34975961538461536 0.125 0.07091346153846154
0 0.78125 0.3581730769230769 0.04807692307692308 0.04326923076923077
0 0.24759615384615385 0.40024038461538464 0.056490384615384616 0.03245192307692308
0 0.7331730769230769 0.40024038461538464 0.036057692307692304 0.03485576923076923
0 0.18389423076923078 0.4110576923076923 0.0829326923076923 0.04927884615384615
0 0.8305288461538461 0.42908653846153844 0.04447115384615385 0.027644230769230768
0 0.7271634615384616 0.4387019230769231 0.05048076923076923 0.036057692307692304
0 0.2512019230769231 0.44591346153846156 0.051682692307692304 0.039663461538461536
0 0.19230769230769232 0.4519230769230769 0.06610576923076923 0.039663461538461536
0 0.3798076923076923 0.4723557692307692 0.14423076923076922 0.0625
0 0.734375 0.48197115384615385 0.04807692307692308 0.03485576923076923
0 0.125 0.484375 0.06850961538461539 0.038461538461538464
0 0.28966346153846156 0.4855769230769231 0.056490384615384616 0.05048076923076923
0 0.19110576923076922 0.4891826923076923 0.06009615384615385 0.038461538461538464
0 0.13701923076923078 0.5348557692307693 0.078125 0.06610576923076923
0 0.2091346153846154 0.5384615384615384 0.09975961538461539 0.057692307692307696
0 0.17668269230769232 0.5913461538461539 0.06009615384615385 0.04927884615384615
0 0.5492788461538461 0.6346153846153846 0.08173076923076923 0.078125
0 0.41466346153846156 0.125 0.054086538461538464 0.057692307692307696
0 0.5264423076923077 0.12860576923076922 0.056490384615384616 0.036057692307692304
0 0.4831730769230769 0.14423076923076922 0.09014423076923077 0.06009615384615385
0 0.5961538461538461 0.14783653846153846 0.09254807692307693 0.07451923076923077
0 0.390625 0.1658653846153846 0.04567307692307692 0.037259615384615384
0 0.2548076923076923 0.16706730769230768 0.039663461538461536 0.020432692307692308
0 0.6646634615384616 0.17067307692307693 0.055288461538461536 0.057692307692307696
0 0.7103365384615384 0.171875 0.04447115384615385 0.054086538461538464
0 0.5564903846153846 0.18269230769230768 0.0733173076923077 0.03245192307692308
0 0.36177884615384615 0.1935096153846154 0.046875 0.03485576923076923
0 0.8233173076923077 0.19591346153846154 0.06490384615384616 0.05048076923076923
0 0.421875 0.1971153846153846 0.054086538461538464 0.057692307692307696
0 0.47836538461538464 0.20072115384615385 0.07451923076923077 0.036057692307692304
0 0.5360576923076923 0.20432692307692307 0.06009615384615385 0.03365384615384615
0 0.5925480769230769 0.21875 0.02283653846153846 0.015625
0 0.6850961538461539 0.22115384615384615 0.05889423076923077 0.03485576923076923
0 0.6274038461538461 0.22235576923076922 0.052884615384615384 0.036057692307692304
0 0.3269230769230769 0.22355769230769232 0.05048076923076923 0.078125
0 0.7403846153846154 0.23677884615384615 0.039663461538461536 0.02403846153846154
0 0.8413461538461539 0.23798076923076922 0.038461538461538464 0.03365384615384615
0 0.6814903846153846 0.2548076923076923 0.04447115384615385 0.03365384615384615
0 0.3737980769230769 0.25600961538461536 0.04927884615384615 0.08774038461538461
0 0.796875 0.25721153846153844 0.12259615384615384 0.17067307692307693
0 0.7439903846153846 0.2620192307692308 0.051682692307692304 0.030048076923076924
0 0.7055288461538461 0.2824519230769231 0.04326923076923077 0.026442307692307692