0 0.7872596153846154 0.4831730769230769 0.07572115384615384 0.046875
0 0.7295673076923077 0.5384615384615384 0.06850961538461539 0.0673076923076923
0 0.7007211538461539 0.5276442307692307 0.03485576923076923 0.02283653846153846
0 0.828125 0.59375 0.04447115384615385 0.025240384615384616
0 0.8389423076923077 0.640625 0.078125 0.056490384615384616
0 0.6814903846153846 0.6454326923076923 0.05048076923076923 0.03365384615384615
0 0.6298076923076923 0.6862980769230769 0.04447115384615385 0.028846153846153848
0 0.6382211538461539 0.5865384615384616 0.03125 0.02403846153846154
0 0.6286057692307693 0.5637019230769231 0.03125 0.016826923076923076
0 0.43990384615384615 0.49038461538461536 0.042067307692307696 0.03125
0 0.5480769230769231 0.6754807692307693 0.055288461538461536 0.037259615384615384
0 0.3858173076923077 0.6947115384615384 0.08413461538461539 0.038461538461538464
0 0.28365384615384615 0.6730769230769231 0.06009615384615385 0.028846153846153848
0 0.23918269230769232 0.6538461538461539 0.04447115384615385 0.030048076923076924
0 0.18629807692307693 0.5444711538461539 0.09495192307692307 0.052884615384615384
0 0.21394230769230768 0.44350961538461536 0.0625 0.057692307692307696
0 0.25600961538461536 0.18028846153846154 0.037259615384615384 0.03485576923076923
0 0.3016826923076923 0.2704326923076923 0.040865384615384616 0.028846153846153848
0 0.23677884615384615 0.2512019230769231 0.027644230769230768 0.018028846153846152
0 0.17427884615384615 0.2620192307692308 0.03365384615384615 0.02403846153846154
0 0.1466346153846154 0.296875 0.026442307692307692 0.025240384615384616
0 0.13822115384615385 0.3449519230769231 0.03365384615384615 0.02403846153846154