0 0.45072115384615385 0.6862980769230769 0.1778846153846154 0.14543269230769232
0 0.5360576923076923 0.6394230769230769 0.09134615384615384 0.06490384615384616
0 0.19831730769230768 0.6346153846153846 0.17548076923076922 0.13581730769230768
0 0.5276442307692307 0.5745192307692307 0.3329326923076923 0.0889423076923077
0 0.27403846153846156 0.5661057692307693 0.20552884615384615 0.12860576923076922
0 0.29086538461538464 0.4795673076923077 0.12620192307692307 0.08173076923076923
0 0.45552884615384615 0.43990384615384615 0.12860576923076922 0.06129807692307692
0 0.5661057692307693 0.421875 0.13341346153846154 0.05048076923076923
0 0.671875 0.39783653846153844 0.08653846153846154 0.06850961538461539
0 0.796875 0.3798076923076923 0.11177884615384616 0.07451923076923077
0 0.19831730769230768 0.375 0.11658653846153846 0.09615384615384616
0 0.3088942307692308 0.25 0.09735576923076923 0.06009615384615385
0 0.48197115384615385 0.8185096153846154 0.08533653846153846 0.0673076923076923
0 0.35697115384615385 0.8028846153846154 0.11298076923076923 0.0889423076923077
0 0.3894230769230769 0.7283653846153846 0.09735576923076923 0.06610576923076923
0 0.7992788461538461 0.7199519230769231 0.17668269230769232 0.08653846153846154