0 0.421875 0.6923076923076923 0.057692307692307696 0.04567307692307692
0 0.5564903846153846 0.4963942307692308 0.042067307692307696 0.026442307692307692
0 0.4963942307692308 0.45072115384615385 0.036057692307692304 0.019230769230769232
0 0.0889423076923077 0.4266826923076923 0.06610576923076923 0.04447115384615385
0 0.2247596153846154 0.41346153846153844 0.06610576923076923 0.046875
0 0.15985576923076922 0.38822115384615385 0.07451923076923077 0.025240384615384616
0 0.2548076923076923 0.3798076923076923 0.04807692307692308 0.02403846153846154
0 0.18870192307692307 0.3713942307692308 0.03485576923076923 0.019230769230769232
0 0.5865384615384616 0.3641826923076923 0.04567307692307692 0.028846153846153848
0 0.4206730769230769 0.3557692307692308 0.036057692307692304 0.02403846153846154
0 0.5637019230769231 0.3449519230769231 0.06129807692307692 0.025240384615384616
0 0.4074519230769231 0.33653846153846156 0.039663461538461536 0.019230769230769232
0 0.22355769230769232 0.33533653846153844 0.07572115384615384 0.04927884615384615
0 0.6911057692307693 0.2980769230769231 0.056490384615384616 0.042067307692307696
0 0.6310096153846154 0.2920673076923077 0.054086538461538464 0.03485576923076923
0 0.6237980769230769 0.25961538461538464 0.07572115384615384 0.03245192307692308
0 0.43149038461538464 0.8846153846153846 0.13341346153846154 0.04567307692307692
0 0.26322115384615385 0.8257211538461539 0.051682692307692304 0.06850961538461539
0 0.16466346153846154 0.7992788461538461 0.0985576923076923 0.07091346153846154
0 0.46875 0.7956730769230769 0.06370192307692307 0.08413461538461539
0 0.4050480769230769 0.7944711538461539 0.056490384615384616 0.040865384615384616
0 0.3076923076923077 0.7908653846153846 0.04567307692307692 0.03245192307692308
0 0.23798076923076922 0.7800480769230769 0.051682692307692304 0.046875
0 0.4098557692307692 0.7487980769230769 0.07211538461538461 0.054086538461538464
0 0.28365384615384615 0.7487980769230769 0.06370192307692307 0.04567307692307692