0 0.4951923076923077 0.4639423076923077 0.13581730769230768 0.056490384615384616
0 0.39903846153846156 0.46875 0.05889423076923077 0.038461538461538464
0 0.39663461538461536 0.5084134615384616 0.07932692307692307 0.046875
0 0.7223557692307693 0.5528846153846154 0.0625 0.04326923076923077
0 0.8449519230769231 0.5528846153846154 0.15264423076923078 0.109375
0 0.8990384615384616 0.6586538461538461 0.0673076923076923 0.10817307692307693
0 0.8088942307692307 0.6526442307692307 0.12980769230769232 0.109375
0 0.8485576923076923 0.71875 0.08774038461538461 0.046875
0 0.7211538461538461 0.6225961538461539 0.08774038461538461 0.07932692307692307
0 0.7115384615384616 0.7019230769230769 0.0985576923076923 0.07211538461538461
0 0.6298076923076923 0.7139423076923077 0.11538461538461539 0.057692307692307696
0 0.6141826923076923 0.6442307692307693 0.12379807692307693 0.08052884615384616
0 0.484375 0.6454326923076923 0.14543269230769232 0.06610576923076923
0 0.5108173076923077 0.7127403846153846 0.140625 0.0625
0 0.7692307692307693 0.7680288461538461 0.17668269230769232 0.10216346153846154
0 0.6310096153846154 0.8028846153846154 0.17668269230769232 0.07692307692307693
0 0.4951923076923077 0.7932692307692307 0.11538461538461539 0.05048076923076923
0 0.8617788461538461 0.8329326923076923 0.14783653846153846 0.07572115384615384
0 0.4699519230769231 0.7331730769230769 0.12139423076923077 0.06850961538461539
0 0.36177884615384615 0.7415865384615384 0.16346153846153846 0.10096153846153846
0 0.36658653846153844 0.796875 0.10576923076923077 0.054086538461538464
0 0.25841346153846156 0.7175480769230769 0.06610576923076923 0.05889423076923077
0 0.2127403846153846 0.9254807692307693 0.05048076923076923 0.028846153846153848
0 0.2536057692307692 0.796875 0.11298076923076923 0.08774038461538461
0 0.21634615384615385 0.3449519230769231 0.06971153846153846 0.05048076923076923