0 0.22355769230769232 0.13341346153846154 0.07572115384615384 0.038461538461538464
0 0.27283653846153844 0.296875 0.0985576923076923 0.046875
0 0.13341346153846154 0.5612980769230769 0.06129807692307692 0.03245192307692308
0 0.12860576923076922 0.6538461538461539 0.11899038461538461 0.07091346153846154
0 0.09975961538461539 0.5913461538461539 0.07572115384615384 0.07932692307692307
0 0.4423076923076923 0.46274038461538464 0.06129807692307692 0.04326923076923077
0 0.5240384615384616 0.5372596153846154 0.0733173076923077 0.03125
0 0.4879807692307692 0.4879807692307692 0.051682692307692304 0.03365384615384615
0 0.49038461538461536 0.4579326923076923 0.03485576923076923 0.028846153846153848
0 0.46875 0.4206730769230769 0.055288461538461536 0.04447115384615385
0 0.5108173076923077 0.41586538461538464 0.06129807692307692 0.06850961538461539
0 0.5084134615384616 0.3545673076923077 0.04567307692307692 0.030048076923076924
0 0.6165865384615384 0.46153846153846156 0.052884615384615384 0.046875
0 0.5576923076923077 0.4795673076923077 0.11177884615384616 0.042067307692307696
0 0.6947115384615384 0.15625 0.13581730769230768 0.16466346153846154
0 0.7728365384615384 0.17427884615384615 0.1814903846153846 0.20552884615384615