0 0.5048076923076923 0.5360576923076923 0.13581730769230768 0.056490384615384616
0 0.6009615384615384 0.53125 0.05889423076923077 0.038461538461538464
0 0.6033653846153846 0.49158653846153844 0.07932692307692307 0.046875
0 0.2776442307692308 0.44711538461538464 0.0625 0.04326923076923077
0 0.15504807692307693 0.44711538461538464 0.15264423076923078 0.109375
0 0.10096153846153846 0.34134615384615385 0.0673076923076923 0.10817307692307693
0 0.19110576923076922 0.3473557692307692 0.12980769230769232 0.109375
0 0.15144230769230768 0.28125 0.08774038461538461 0.046875
0 0.27884615384615385 0.37740384615384615 0.08774038461538461 0.07932692307692307
0 0.28846153846153844 0.2980769230769231 0.0985576923076923 0.07211538461538461
0 0.3701923076923077 0.2860576923076923 0.11538461538461539 0.057692307692307696
0 0.3858173076923077 0.3557692307692308 0.12379807692307693 0.08052884615384616
0 0.515625 0.3545673076923077 0.14543269230769232 0.06610576923076923
0 0.4891826923076923 0.28725961538461536 0.140625 0.0625
0 0.23076923076923078 0.23197115384615385 0.17668269230769232 0.10216346153846154
0 0.36899038461538464 0.1971153846153846 0.17668269230769232 0.07692307692307693
0 0.5048076923076923 0.20673076923076922 0.11538461538461539 0.05048076923076923
0 0.13822115384615385 0.16706730769230768 0.14783653846153846 0.07572115384615384
0 0.5300480769230769 0.2668269230769231 0.12139423076923077 0.06850961538461539
0 0.6382211538461539 0.25841346153846156 0.16346153846153846 0.10096153846153846
0 0.6334134615384616 0.203125 0.10576923076923077 0.054086538461538464
0 0.7415865384615384 0.2824519230769231 0.06610576923076923 0.05889423076923077
0 0.7872596153846154 0.07451923076923077 0.05048076923076923 0.028846153846153848
0 0.7463942307692307 0.203125 0.11298076923076923 0.08774038461538461
0 0.7836538461538461 0.6550480769230769 0.06971153846153846 0.05048076923076923