0 0.2980769230769231 0.32211538461538464 0.056490384615384616 0.030048076923076924
0 0.33653846153846156 0.3233173076923077 0.06971153846153846 0.09615384615384616
0 0.3629807692307692 0.4699519230769231 0.07091346153846154 0.04807692307692308
0 0.7548076923076923 0.5024038461538461 0.051682692307692304 0.040865384615384616
0 0.21394230769230768 0.5048076923076923 0.09134615384615384 0.04807692307692308
0 0.34375 0.5564903846153846 0.0889423076923077 0.06490384615384616
0 0.22716346153846154 0.5745192307692307 0.06490384615384616 0.046875
0 0.2608173076923077 0.6262019230769231 0.09134615384615384 0.05889423076923077
0 0.46875 0.6418269230769231 0.06971153846153846 0.046875
0 0.19951923076923078 0.6682692307692307 0.1045673076923077 0.08774038461538461
0 0.4987980769230769 0.11177884615384616 0.06971153846153846 0.04567307692307692
0 0.5528846153846154 0.1141826923076923 0.042067307692307696 0.06490384615384616
0 0.29086538461538464 0.1502403846153846 0.05048076923076923 0.02283653846153846
0 0.12620192307692307 0.16105769230769232 0.052884615384615384 0.04326923076923077
0 0.3293269230769231 0.16346153846153846 0.042067307692307696 0.027644230769230768
0 0.18509615384615385 0.17548076923076922 0.0625 0.054086538461538464
0 0.31009615384615385 0.203125 0.10817307692307693 0.04807692307692308
0 0.4170673076923077 0.22596153846153846 0.0829326923076923 0.03245192307692308
0 0.7584134615384616 0.27403846153846156 0.140625 0.05889423076923077