0 0.5637019230769231 0.6826923076923077 0.07572115384615384 0.036057692307692304
0 0.7067307692307693 0.6201923076923077 0.1622596153846154 0.07692307692307693
0 0.21754807692307693 0.6177884615384616 0.1201923076923077 0.07091346153846154
0 0.45072115384615385 0.5817307692307693 0.04326923076923077 0.02403846153846154
0 0.8004807692307693 0.5564903846153846 0.15625 0.09615384615384616
0 0.4723557692307692 0.5552884615384616 0.055288461538461536 0.036057692307692304
0 0.5276442307692307 0.5540865384615384 0.040865384615384616 0.03125
0 0.3401442307692308 0.5288461538461539 0.05048076923076923 0.03485576923076923
0 0.515625 0.5276442307692307 0.052884615384615384 0.03365384615384615
0 0.5012019230769231 0.5072115384615384 0.054086538461538464 0.036057692307692304
0 0.7199519230769231 0.5024038461538461 0.10096153846153846 0.052884615384615384
0 0.34375 0.4579326923076923 0.08173076923076923 0.05889423076923077
0 0.6442307692307693 0.44711538461538464 0.1310096153846154 0.10096153846153846
0 0.15865384615384615 0.4387019230769231 0.055288461538461536 0.037259615384615384
0 0.7644230769230769 0.4362980769230769 0.12620192307692307 0.10576923076923077
0 0.8449519230769231 0.4050480769230769 0.07211538461538461 0.0829326923076923
0 0.33413461538461536 0.34615384615384615 0.07211538461538461 0.052884615384615384
0 0.16826923076923078 0.3389423076923077 0.0985576923076923 0.08052884615384616
0 0.7259615384615384 0.3329326923076923 0.15625 0.109375
0 0.8473557692307693 0.3293269230769231 0.06490384615384616 0.06129807692307692
0 0.265625 0.2776442307692308 0.052884615384615384 0.037259615384615384
0 0.23677884615384615 0.8365384615384616 0.13701923076923078 0.08052884615384616
0 0.8197115384615384 0.8353365384615384 0.11298076923076923 0.07572115384615384
0 0.5108173076923077 0.8269230769230769 0.06370192307692307 0.056490384615384616
0 0.5877403846153846 0.7944711538461539 0.08653846153846154 0.057692307692307696
0 0.3329326923076923 0.7704326923076923 0.09134615384615384 0.06370192307692307
0 0.671875 0.7692307692307693 0.042067307692307696 0.027644230769230768
0 0.7740384615384616 0.7632211538461539 0.057692307692307696 0.028846153846153848
0 0.39903846153846156 0.75 0.0829326923076923 0.04567307692307692
0 0.15625 0.7223557692307693 0.07451923076923077 0.05048076923076923
0 0.4699519230769231 0.7211538461538461 0.06129807692307692 0.03485576923076923