0 0.15625 0.7259615384615384 0.06971153846153846 0.051682692307692304
0 0.21634615384615385 0.6213942307692307 0.11899038461538461 0.0673076923076923
0 0.15865384615384615 0.4387019230769231 0.05889423076923077 0.039663461538461536
0 0.3449519230769231 0.4579326923076923 0.08173076923076923 0.057692307692307696
0 0.3425480769230769 0.5300480769230769 0.046875 0.03365384615384615
0 0.17427884615384615 0.33774038461538464 0.09975961538461539 0.08533653846153846
0 0.2644230769230769 0.27403846153846156 0.057692307692307696 0.03125
0 0.33533653846153844 0.34615384615384615 0.07091346153846154 0.051682692307692304
0 0.6478365384615384 0.44591346153846156 0.12379807692307693 0.10216346153846154
0 0.7680288461538461 0.4387019230769231 0.12980769230769232 0.10697115384615384
0 0.7271634615384616 0.5024038461538461 0.09134615384615384 0.04927884615384615
0 0.7259615384615384 0.3329326923076923 0.15384615384615385 0.11658653846153846
0 0.8461538461538461 0.40625 0.06971153846153846 0.08413461538461539
0 0.84375 0.3269230769230769 0.07451923076923077 0.06610576923076923
0 0.7091346153846154 0.6189903846153846 0.16466346153846154 0.07692307692307693
0 0.8004807692307693 0.5552884615384616 0.15985576923076922 0.09975961538461539
0 0.5276442307692307 0.5540865384615384 0.036057692307692304 0.028846153846153848
0 0.47115384615384615 0.5564903846153846 0.054086538461538464 0.036057692307692304
0 0.5144230769230769 0.5288461538461539 0.052884615384615384 0.03125
0 0.5012019230769231 0.5072115384615384 0.05889423076923077 0.03365384615384615
0 0.5673076923076923 0.6838942307692307 0.06129807692307692 0.038461538461538464
0 0.6754807692307693 0.7692307692307693 0.036057692307692304 0.02403846153846154
0 0.7776442307692307 0.7608173076923077 0.055288461538461536 0.030048076923076924
0 0.8221153846153846 0.8329326923076923 0.10576923076923077 0.06610576923076923
0 0.8677884615384616 0.6069711538461539 0.02283653846153846 0.040865384615384616
0 0.84375 0.4891826923076923 0.07451923076923077 0.078125
0 0.23918269230769232 0.8365384615384616 0.12860576923076922 0.08413461538461539
0 0.19831730769230768 0.9050480769230769 0.11538461538461539 0.0673076923076923
0 0.33533653846153844 0.7716346153846154 0.08653846153846154 0.06009615384615385
0 0.40024038461538464 0.7512019230769231 0.078125 0.04447115384615385
0 0.4699519230769231 0.7223557692307693 0.06370192307692307 0.03365384615384615
0 0.515625 0.8269230769230769 0.06610576923076923 0.05889423076923077
0 0.5889423076923077 0.7956730769230769 0.08052884615384616 0.054086538461538464
0 0.11177884615384616 0.6754807692307693 0.07451923076923077 0.03485576923076923