0 0.23197115384615385 0.8413461538461539 0.06370192307692307 0.05889423076923077
0 0.2932692307692308 0.7788461538461539 0.09134615384615384 0.037259615384615384
0 0.21995192307692307 0.7908653846153846 0.11298076923076923 0.039663461538461536
0 0.19110576923076922 0.7536057692307693 0.0625 0.036057692307692304
0 0.13341346153846154 0.6947115384615384 0.0673076923076923 0.038461538461538464
0 0.10576923076923077 0.6670673076923077 0.03125 0.030048076923076924
0 0.5757211538461539 0.5576923076923077 0.14903846153846154 0.054086538461538464
0 0.7043269230769231 0.4567307692307692 0.057692307692307696 0.038461538461538464
0 0.7704326923076923 0.4338942307692308 0.05048076923076923 0.028846153846153848
0 0.7536057692307693 0.3858173076923077 0.04807692307692308 0.037259615384615384
0 0.7451923076923077 0.3737980769230769 0.11057692307692307 0.08533653846153846
0 0.6754807692307693 0.3629807692307692 0.078125 0.0625
0 0.20793269230769232 0.296875 0.0625 0.04326923076923077
0 0.4230769230769231 0.29927884615384615 0.04567307692307692 0.027644230769230768
0 0.5612980769230769 0.2920673076923077 0.0673076923076923 0.07211538461538461
0 0.21033653846153846 0.5853365384615384 0.04326923076923077 0.027644230769230768