0 0.16105769230769232 0.42427884615384615 0.06850961538461539 0.06009615384615385
0 0.30408653846153844 0.5853365384615384 0.07091346153846154 0.06490384615384616
0 0.34134615384615385 0.6033653846153846 0.04326923076923077 0.027644230769230768
0 0.3557692307692308 0.6322115384615384 0.054086538461538464 0.039663461538461536
0 0.5024038461538461 0.3173076923076923 0.0889423076923077 0.07211538461538461
0 0.4807692307692308 0.2800480769230769 0.11778846153846154 0.0625
0 0.4387019230769231 0.39903846153846156 0.0829326923076923 0.07932692307692307
0 0.5805288461538461 0.3918269230769231 0.08413461538461539 0.09615384615384616
0 0.6165865384615384 0.4014423076923077 0.07932692307692307 0.09735576923076923
0 0.5528846153846154 0.49158653846153844 0.07572115384615384 0.07211538461538461
0 0.36899038461538464 0.5805288461538461 0.078125 0.052884615384615384
0 0.40384615384615385 0.6370192307692307 0.06610576923076923 0.07692307692307693
0 0.5300480769230769 0.5540865384615384 0.06129807692307692 0.052884615384615384
0 0.47475961538461536 0.5396634615384616 0.07572115384615384 0.051682692307692304
0 0.4338942307692308 0.5132211538461539 0.057692307692307696 0.03485576923076923
0 0.3713942307692308 0.53125 0.125 0.0829326923076923
0 0.38822115384615385 0.49399038461538464 0.06129807692307692 0.038461538461538464
0 0.3581730769230769 0.453125 0.078125 0.0733173076923077
0 0.4182692307692308 0.4423076923076923 0.06009615384615385 0.03245192307692308
0 0.4579326923076923 0.48197115384615385 0.09134615384615384 0.056490384615384616
0 0.78125 0.41346153846153844 0.08533653846153846 0.03125
0 0.7932692307692307 0.38341346153846156 0.04807692307692308 0.036057692307692304