0 0.31971153846153844 0.7067307692307693 0.046875 0.03125
0 0.35216346153846156 0.6959134615384616 0.039663461538461536 0.021634615384615384
0 0.6959134615384616 0.6959134615384616 0.04807692307692308 0.027644230769230768
0 0.38822115384615385 0.6947115384615384 0.04567307692307692 0.03245192307692308
0 0.5973557692307693 0.6826923076923077 0.037259615384615384 0.02403846153846154
0 0.4639423076923077 0.6682692307692307 0.037259615384615384 0.02283653846153846
0 0.7055288461538461 0.65625 0.04927884615384615 0.039663461538461536
0 0.7584134615384616 0.6430288461538461 0.030048076923076924 0.026442307692307692
0 0.5504807692307693 0.6274038461538461 0.038461538461538464 0.046875
0 0.7848557692307693 0.609375 0.05048076923076923 0.03125
0 0.3485576923076923 0.6009615384615384 0.02403846153846154 0.02283653846153846
0 0.5817307692307693 0.5817307692307693 0.025240384615384616 0.015625
0 0.6153846153846154 0.5793269230769231 0.030048076923076924 0.015625
0 0.765625 0.5564903846153846 0.13221153846153846 0.040865384615384616
0 0.3954326923076923 0.5348557692307693 0.03125 0.03125
0 0.7367788461538461 0.5276442307692307 0.11298076923076923 0.06971153846153846
0 0.6466346153846154 0.515625 0.04927884615384615 0.03365384615384615
0 0.39903846153846156 0.4987980769230769 0.0625 0.056490384615384616
0 0.6730769230769231 0.4879807692307692 0.04326923076923077 0.027644230769230768
0 0.5120192307692307 0.4879807692307692 0.057692307692307696 0.03245192307692308
0 0.6069711538461539 0.47115384615384615 0.056490384615384616 0.03485576923076923
0 0.48197115384615385 0.45913461538461536 0.036057692307692304 0.02283653846153846
0 0.5456730769230769 0.4495192307692308 0.04927884615384615 0.042067307692307696
0 0.5060096153846154 0.4338942307692308 0.02283653846153846 0.013221153846153846
0 0.4807692307692308 0.421875 0.03365384615384615 0.014423076923076924
0 0.3161057692307692 0.41947115384615385 0.078125 0.06971153846153846
0 0.17908653846153846 0.32572115384615385 0.04447115384615385 0.02403846153846154
0 0.4879807692307692 0.7872596153846154 0.0829326923076923 0.03485576923076923
0 0.328125 0.7596153846153846 0.0985576923076923 0.0673076923076923
0 0.5540865384615384 0.7512019230769231 0.0673076923076923 0.04927884615384615
0 0.6225961538461539 0.7259615384615384 0.056490384615384616 0.039663461538461536
0 0.2512019230769231 0.7223557692307693 0.08533653846153846 0.04447115384615385