0 0.31490384615384615 0.3173076923076923 0.05889423076923077 0.05889423076923077
0 0.23918269230769232 0.3233173076923077 0.07091346153846154 0.04567307692307692
0 0.28365384615384615 0.4182692307692308 0.04807692307692308 0.03245192307692308
0 0.24879807692307693 0.4519230769230769 0.06009615384615385 0.038461538461538464
0 0.33653846153846156 0.4579326923076923 0.11658653846153846 0.056490384615384616
0 0.12259615384615384 0.46033653846153844 0.06610576923076923 0.04326923076923077
0 0.25961538461538464 0.4987980769230769 0.08413461538461539 0.052884615384615384
0 0.18269230769230768 0.5204326923076923 0.1045673076923077 0.09134615384615384
0 0.3762019230769231 0.5540865384615384 0.09495192307692307 0.08774038461538461
0 0.2536057692307692 0.5685096153846154 0.05889423076923077 0.0625
0 0.35697115384615385 0.6322115384615384 0.056490384615384616 0.03245192307692308
0 0.4579326923076923 0.6646634615384616 0.06129807692307692 0.04567307692307692
0 0.3954326923076923 0.6670673076923077 0.07451923076923077 0.046875
0 0.49759615384615385 0.6935096153846154 0.046875 0.030048076923076924
0 0.44711538461538464 0.7067307692307693 0.0673076923076923 0.039663461538461536
0 0.4026442307692308 0.7331730769230769 0.06850961538461539 0.04927884615384615
0 0.484375 0.7608173076923077 0.09134615384615384 0.07211538461538461
0 0.5576923076923077 0.7632211538461539 0.10336538461538461 0.12860576923076922
0 0.6526442307692307 0.7644230769230769 0.05048076923076923 0.04567307692307692
0 0.6923076923076923 0.8052884615384616 0.06129807692307692 0.036057692307692304
0 0.13942307692307693 0.21875 0.10697115384615384 0.06009615384615385
0 0.24879807692307693 0.26322115384615385 0.08052884615384616 0.0625
0 0.1778846153846154 0.2776442307692308 0.06610576923076923 0.051682692307692304
0 0.11658653846153846 0.2776442307692308 0.07451923076923077 0.056490384615384616