0 0.2512019230769231 0.7043269230769231 0.051682692307692304 0.040865384615384616
0 0.3401442307692308 0.703125 0.027644230769230768 0.020432692307692308
0 0.28125 0.6850961538461539 0.036057692307692304 0.02403846153846154
0 0.4483173076923077 0.6802884615384616 0.052884615384615384 0.036057692307692304
0 0.31490384615384615 0.6790865384615384 0.039663461538461536 0.027644230769230768
0 0.5384615384615384 0.671875 0.03365384615384615 0.027644230769230768
0 0.3245192307692308 0.6490384615384616 0.03125 0.02403846153846154
0 0.5396634615384616 0.6442307692307693 0.06850961538461539 0.02403846153846154
0 0.46274038461538464 0.640625 0.040865384615384616 0.02403846153846154
0 0.9026442307692307 0.6286057692307693 0.04326923076923077 0.030048076923076924
0 0.49158653846153844 0.6274038461538461 0.025240384615384616 0.016826923076923076
0 0.29086538461538464 0.6213942307692307 0.03485576923076923 0.025240384615384616
0 0.4651442307692308 0.6201923076923077 0.03245192307692308 0.020432692307692308
0 0.5432692307692307 0.6177884615384616 0.03485576923076923 0.02403846153846154
0 0.5913461538461539 0.6129807692307693 0.04447115384615385 0.042067307692307696
0 0.3870192307692308 0.5889423076923077 0.04567307692307692 0.07692307692307693
0 0.6466346153846154 0.5805288461538461 0.04326923076923077 0.03485576923076923
0 0.9206730769230769 0.5757211538461539 0.03245192307692308 0.030048076923076924
0 0.5841346153846154 0.5576923076923077 0.028846153846153848 0.019230769230769232
0 0.6670673076923077 0.546875 0.03245192307692308 0.026442307692307692
0 0.6322115384615384 0.5396634615384616 0.0733173076923077 0.04807692307692308
0 0.6850961538461539 0.53125 0.03125 0.021634615384615384
0 0.4795673076923077 0.5216346153846154 0.027644230769230768 0.025240384615384616
0 0.6778846153846154 0.5084134615384616 0.037259615384615384 0.020432692307692308
0 0.6105769230769231 0.5036057692307693 0.036057692307692304 0.025240384615384616
0 0.3737980769230769 0.49759615384615385 0.03365384615384615 0.020432692307692308
0 0.7367788461538461 0.484375 0.028846153846153848 0.016826923076923076
0 0.6634615384615384 0.47596153846153844 0.03365384615384615 0.021634615384615384
0 0.37259615384615385 0.47475961538461536 0.036057692307692304 0.02283653846153846
0 0.5108173076923077 0.4735576923076923 0.04927884615384615 0.03365384615384615
0 0.6153846153846154 0.4675480769230769 0.03245192307692308 0.020432692307692308
0 0.8341346153846154 0.46634615384615385 0.03125 0.020432692307692308
0 0.5420673076923077 0.46033653846153844 0.06610576923076923 0.03485576923076923
0 0.6682692307692307 0.45552884615384615 0.07451923076923077 0.037259615384615384
0 0.4675480769230769 0.44350961538461536 0.057692307692307696 0.027644230769230768
0 0.6370192307692307 0.4423076923076923 0.0733173076923077 0.03485576923076923
0 0.7932692307692307 0.4387019230769231 0.03485576923076923 0.025240384615384616
0 0.8329326923076923 0.4362980769230769 0.046875 0.04447115384615385
0 0.3641826923076923 0.4338942307692308 0.03485576923076923 0.026442307692307692
0 0.41586538461538464 0.4230769230769231 0.03485576923076923 0.028846153846153848
0 0.5877403846153846 0.4230769230769231 0.04326923076923077 0.015625
0 0.703125 0.421875 0.04447115384615385 0.027644230769230768
0 0.7992788461538461 0.41225961538461536 0.03485576923076923 0.026442307692307692
0 0.33653846153846156 0.4098557692307692 0.040865384615384616 0.03365384615384615
0 0.5228365384615384 0.40384615384615385 0.027644230769230768 0.025240384615384616
0 0.5745192307692307 0.4014423076923077 0.04807692307692308 0.03365384615384615
0 0.6153846153846154 0.39903846153846156 0.040865384615384616 0.03365384615384615
0 0.4651442307692308 0.38822115384615385 0.02403846153846154 0.019230769230769232
0 0.4266826923076923 0.37259615384615385 0.038461538461538464 0.03125
0 0.4675480769230769 0.36538461538461536 0.03245192307692308 0.02403846153846154
0 0.7728365384615384 0.36177884615384615 0.03365384615384615 0.021634615384615384
0 0.5769230769230769 0.3485576923076923 0.02403846153846154 0.016826923076923076
0 0.4567307692307692 0.3425480769230769 0.046875 0.027644230769230768
0 0.6887019230769231 0.31971153846153844 0.04326923076923077 0.03245192307692308
0 0.515625 0.31850961538461536 0.03125 0.019230769230769232
0 0.41346153846153844 0.3112980769230769 0.040865384615384616 0.03125
0 0.6959134615384616 0.28846153846153844 0.054086538461538464 0.039663461538461536
0 0.42427884615384615 0.2848557692307692 0.046875 0.03125
0 0.6117788461538461 0.27884615384615385 0.03245192307692308 0.021634615384615384
0 0.4699519230769231 0.27163461538461536 0.03365384615384615 0.020432692307692308
0 0.6129807692307693 0.8581730769230769 0.07932692307692307 0.036057692307692304
0 0.75 0.8112980769230769 0.04447115384615385 0.026442307692307692
0 0.7824519230769231 0.7920673076923077 0.04326923076923077 0.03125
0 0.21514423076923078 0.7776442307692307 0.028846153846153848 0.026442307692307692
0 0.25 0.7512019230769231 0.04567307692307692 0.027644230769230768
0 0.30408653846153844 0.7199519230769231 0.039663461538461536 0.02283653846153846