0 0.09014423076923077 0.4519230769230769 0.06850961538461539 0.04447115384615385
0 0.12740384615384615 0.3894230769230769 0.03125 0.037259615384615384
0 0.1875 0.5 0.14182692307692307 0.06971153846153846
0 0.5709134615384616 0.6153846153846154 0.0733173076923077 0.12139423076923077
0 0.6442307692307693 0.53125 0.11057692307692307 0.0829326923076923
0 0.21394230769230768 0.75 0.09254807692307693 0.06850961538461539
0 0.11538461538461539 0.6081730769230769 0.109375 0.051682692307692304
0 0.21514423076923078 0.6262019230769231 0.14302884615384615 0.04567307692307692
0 0.21033653846153846 0.6622596153846154 0.057692307692307696 0.03485576923076923
0 0.15985576923076922 0.5516826923076923 0.1875 0.09735576923076923
0 0.28966346153846156 0.5913461538461539 0.09735576923076923 0.05048076923076923
0 0.3245192307692308 0.6370192307692307 0.08173076923076923 0.056490384615384616
0 0.38461538461538464 0.6622596153846154 0.09375 0.05048076923076923
0 0.4567307692307692 0.6730769230769231 0.1201923076923077 0.06009615384615385
0 0.5120192307692307 0.640625 0.109375 0.06610576923076923
0 0.25240384615384615 0.31971153846153844 0.20552884615384615 0.16826923076923078