0 0.6658653846153846 0.7884615384615384 0.056490384615384616 0.0673076923076923
0 0.5733173076923077 0.828125 0.10216346153846154 0.04927884615384615
0 0.5144230769230769 0.7872596153846154 0.06009615384615385 0.036057692307692304
0 0.5721153846153846 0.78125 0.04447115384615385 0.039663461538461536
0 0.6117788461538461 0.7451923076923077 0.054086538461538464 0.10216346153846154
0 0.5865384615384616 0.6802884615384616 0.05048076923076923 0.02403846153846154
0 0.5564903846153846 0.7247596153846154 0.055288461538461536 0.04807692307692308
0 0.4963942307692308 0.7475961538461539 0.0733173076923077 0.054086538461538464
0 0.5588942307692307 0.8581730769230769 0.05048076923076923 0.038461538461538464
0 0.49399038461538464 0.8641826923076923 0.08413461538461539 0.057692307692307696
0 0.3918269230769231 0.8737980769230769 0.08653846153846154 0.04807692307692308
0 0.3245192307692308 0.8762019230769231 0.057692307692307696 0.03365384615384615
0 0.39903846153846156 0.8245192307692307 0.08774038461538461 0.05889423076923077
0 0.42908653846153844 0.7884615384615384 0.04807692307692308 0.02403846153846154
0 0.43990384615384615 0.7632211538461539 0.04447115384615385 0.030048076923076924
0 0.4639423076923077 0.7055288461538461 0.039663461538461536 0.028846153846153848
0 0.45552884615384615 0.6634615384615384 0.04567307692307692 0.027644230769230768
0 0.4266826923076923 0.6850961538461539 0.056490384615384616 0.039663461538461536
0 0.41586538461538464 0.7151442307692307 0.0889423076923077 0.0673076923076923
0 0.3629807692307692 0.7295673076923077 0.08173076923076923 0.07091346153846154
0 0.36538461538461536 0.7788461538461539 0.06129807692307692 0.037259615384615384
0 0.3016826923076923 0.7355769230769231 0.06490384615384616 0.040865384615384616
0 0.3112980769230769 0.7884615384615384 0.07572115384615384 0.06009615384615385
0 0.2776442307692308 0.8112980769230769 0.09495192307692307 0.09134615384615384
0 0.25 0.8713942307692307 0.07091346153846154 0.046875
0 0.23317307692307693 0.8353365384615384 0.04807692307692308 0.03125
0 0.20552884615384615 0.8064903846153846 0.06610576923076923 0.04447115384615385
0 0.1466346153846154 0.8557692307692307 0.07692307692307693 0.07572115384615384
0 0.5 0.6706730769230769 0.12379807692307693 0.09735576923076923
0 0.421875 0.6213942307692307 0.046875 0.03485576923076923
0 0.3942307692307692 0.5841346153846154 0.056490384615384616 0.037259615384615384
0 0.35336538461538464 0.5625 0.04326923076923077 0.026442307692307692
0 0.3245192307692308 0.6189903846153846 0.07091346153846154 0.04447115384615385
0 0.3269230769230769 0.6766826923076923 0.109375 0.0733173076923077
0 0.2247596153846154 0.7427884615384616 0.0829326923076923 0.046875
0 0.17908653846153846 0.7019230769230769 0.07451923076923077 0.0733173076923077
0 0.13581730769230768 0.7644230769230769 0.06009615384615385 0.09254807692307693
0 0.21995192307692307 0.6526442307692307 0.037259615384615384 0.02283653846153846
0 0.24639423076923078 0.6850961538461539 0.06850961538461539 0.06850961538461539
0 0.26802884615384615 0.5901442307692307 0.06129807692307692 0.036057692307692304
0 0.25721153846153844 0.6286057692307693 0.056490384615384616 0.037259615384615384
0 0.29086538461538464 0.5528846153846154 0.0673076923076923 0.04807692307692308
0 0.2283653846153846 0.5276442307692307 0.06850961538461539 0.052884615384615384
0 0.21634615384615385 0.5745192307692307 0.038461538461538464 0.03365384615384615
0 0.18990384615384615 0.5504807692307693 0.04326923076923077 0.028846153846153848
0 0.19591346153846154 0.6286057692307693 0.09254807692307693 0.07572115384615384
0 0.14543269230769232 0.5865384615384616 0.04807692307692308 0.054086538461538464
0 0.13822115384615385 0.6646634615384616 0.04927884615384615 0.09615384615384616
0 0.15865384615384615 0.5048076923076923 0.05889423076923077 0.0673076923076923
0 0.1971153846153846 0.484375 0.06610576923076923 0.05048076923076923
0 0.5552884615384616 0.8882211538461539 0.05889423076923077 0.02283653846153846
0 0.4651442307692308 0.375 0.052884615384615384 0.055288461538461536
0 0.48197115384615385 0.2860576923076923 0.09014423076923077 0.0625
0 0.4110576923076923 0.296875 0.09615384615384616 0.08052884615384616
0 0.3581730769230769 0.2403846153846154 0.051682692307692304 0.04567307692307692
0 0.3016826923076923 0.23677884615384615 0.06490384615384616 0.04927884615384615
0 0.33413461538461536 0.20072115384615385 0.054086538461538464 0.026442307692307692