0 0.6875 0.3076923076923077 0.04326923076923077 0.028846153846153848
0 0.6983173076923077 0.3425480769230769 0.046875 0.04326923076923077
0 0.7391826923076923 0.3485576923076923 0.040865384615384616 0.040865384615384616
0 0.7860576923076923 0.35096153846153844 0.06009615384615385 0.03365384615384615
0 0.7512019230769231 0.3858173076923077 0.06009615384615385 0.039663461538461536
0 0.7872596153846154 0.4074519230769231 0.046875 0.04326923076923077
0 0.8185096153846154 0.49158653846153844 0.0673076923076923 0.03485576923076923
0 0.7740384615384616 0.5072115384615384 0.036057692307692304 0.02403846153846154
0 0.7415865384615384 0.5216346153846154 0.052884615384615384 0.026442307692307692
0 0.6033653846153846 0.546875 0.09375 0.03485576923076923
0 0.5625 0.578125 0.051682692307692304 0.03245192307692308
0 0.49038461538461536 0.6033653846153846 0.04326923076923077 0.03365384615384615
0 0.46153846153846156 0.6370192307692307 0.04807692307692308 0.03245192307692308
0 0.4639423076923077 0.171875 0.04447115384615385 0.03125
0 0.265625 0.17668269230769232 0.042067307692307696 0.03365384615384615
0 0.37740384615384615 0.18389423076923078 0.04326923076923077 0.03365384615384615
0 0.4206730769230769 0.1875 0.051682692307692304 0.036057692307692304
0 0.4639423076923077 0.20432692307692307 0.04567307692307692 0.030048076923076924
0 0.28125 0.21033653846153846 0.06129807692307692 0.030048076923076924
0 0.37259615384615385 0.21514423076923078 0.057692307692307696 0.027644230769230768
0 0.23557692307692307 0.22956730769230768 0.05048076923076923 0.030048076923076924
0 0.2764423076923077 0.24278846153846154 0.12139423076923077 0.054086538461538464