0 0.7247596153846154 0.703125 0.09735576923076923 0.046875
0 0.49038461538461536 0.6442307692307693 0.04326923076923077 0.030048076923076924
0 0.4891826923076923 0.5841346153846154 0.0625 0.07572115384615384
0 0.5264423076923077 0.5757211538461539 0.04927884615384615 0.04326923076923077
0 0.5108173076923077 0.5420673076923077 0.04326923076923077 0.03245192307692308
0 0.38461538461538464 0.5384615384615384 0.057692307692307696 0.04447115384615385
0 0.5588942307692307 0.5360576923076923 0.07211538461538461 0.04447115384615385
0 0.44350961538461536 0.5192307692307693 0.1045673076923077 0.04447115384615385
0 0.5144230769230769 0.5096153846153846 0.052884615384615384 0.03365384615384615
0 0.5360576923076923 0.48197115384615385 0.07091346153846154 0.04567307692307692
0 0.4699519230769231 0.45552884615384615 0.0673076923076923 0.038461538461538464
0 0.8713942307692307 0.4362980769230769 0.06370192307692307 0.03245192307692308
0 0.8725961538461539 0.34975961538461536 0.11899038461538461 0.0625
0 0.7788461538461539 0.8677884615384616 0.07211538461538461 0.04326923076923077