0 0.2620192307692308 0.3918269230769231 0.1201923076923077 0.10697115384615384
0 0.055288461538461536 0.44591346153846156 0.09975961538461539 0.23317307692307693
0 0.13942307692307693 0.042067307692307696 0.10576923076923077 0.0829326923076923
0 0.43509615384615385 0.2608173076923077 0.12860576923076922 0.09495192307692307
0 0.5432692307692307 0.07211538461538461 0.037259615384615384 0.057692307692307696
0 0.8521634615384616 0.4266826923076923 0.055288461538461536 0.06009615384615385
0 0.7295673076923077 0.2403846153846154 0.057692307692307696 0.078125
0 0.6033653846153846 0.08173076923076923 0.051682692307692304 0.06490384615384616
0 0.046875 0.7752403846153846 0.042067307692307696 0.055288461538461536
0 0.051682692307692304 0.8221153846153846 0.055288461538461536 0.0733173076923077
0 0.9675480769230769 0.3762019230769231 0.06490384615384616 0.12379807692307693
0 0.7776442307692307 0.7872596153846154 0.046875 0.08774038461538461
0 0.9543269230769231 0.9134615384615384 0.09014423076923077 0.11658653846153846
0 0.4387019230769231 0.9663461538461539 0.15985576923076922 0.06610576923076923