0 0.036057692307692304 0.5841346153846154 0.07091346153846154 0.12379807692307693
0 0.53125 0.5372596153846154 0.06850961538461539 0.12620192307692307
0 0.4074519230769231 0.47596153846153844 0.03125 0.03365384615384615
0 0.8521634615384616 0.44471153846153844 0.08774038461538461 0.14302884615384615
0 0.5528846153846154 0.40625 0.06129807692307692 0.11778846153846154
0 0.4495192307692308 0.34134615384615385 0.054086538461538464 0.06971153846153846
0 0.8966346153846154 0.2536057692307692 0.09134615384615384 0.12139423076923077
0 0.7524038461538461 0.22115384615384615 0.06129807692307692 0.0829326923076923
0 0.4495192307692308 0.10817307692307693 0.2668269230769231 0.2127403846153846
0 0.8040865384615384 0.10216346153846154 0.13341346153846154 0.140625
0 0.21153846153846154 0.07211538461538461 0.04326923076923077 0.0625
0 0.4807692307692308 0.6298076923076923 0.04447115384615385 0.07091346153846154