0 0.12259615384615384 0.2439903846153846 0.057692307692307696 0.17067307692307693
0 0.30408653846153844 0.03365384615384615 0.054086538461538464 0.06610576923076923
0 0.3545673076923077 0.1466346153846154 0.05048076923076923 0.07451923076923077
0 0.4206730769230769 0.18870192307692307 0.04447115384615385 0.11057692307692307
0 0.3016826923076923 0.3894230769230769 0.040865384615384616 0.06610576923076923
0 0.10817307692307693 0.6430288461538461 0.046875 0.07211538461538461
0 0.140625 0.921875 0.051682692307692304 0.09495192307692307
0 0.21875 0.9326923076923077 0.054086538461538464 0.10576923076923077
0 0.38100961538461536 0.5961538461538461 0.054086538461538464 0.14302884615384615
0 0.4639423076923077 0.33052884615384615 0.04807692307692308 0.08413461538461539
0 0.5384615384615384 0.328125 0.03485576923076923 0.054086538461538464
0 0.49759615384615385 0.24639423076923078 0.0673076923076923 0.055288461538461536
0 0.6033653846153846 0.5120192307692307 0.037259615384615384 0.05048076923076923
0 0.6370192307692307 0.5276442307692307 0.039663461538461536 0.051682692307692304
0 0.71875 0.37259615384615385 0.0985576923076923 0.08653846153846154
0 0.6670673076923077 0.2668269230769231 0.06850961538461539 0.10216346153846154
0 0.7572115384615384 0.11538461538461539 0.05048076923076923 0.042067307692307696
0 0.96875 0.14423076923076922 0.055288461538461536 0.15865384615384615
0 0.8137019230769231 0.49759615384615385 0.037259615384615384 0.038461538461538464
0 0.8737980769230769 0.47836538461538464 0.04326923076923077 0.04447115384615385
0 0.9399038461538461 0.48677884615384615 0.06971153846153846 0.19831730769230768
0 0.8197115384615384 0.6935096153846154 0.03125 0.06850961538461539
0 0.6983173076923077 0.8533653846153846 0.05889423076923077 0.10336538461538461
0 0.8701923076923077 0.9507211538461539 0.036057692307692304 0.056490384615384616
0 0.9819711538461539 0.9591346153846154 0.03485576923076923 0.08052884615384616
0 0.7115384615384616 0.6069711538461539 0.04807692307692308 0.0733173076923077
0 0.7560096153846154 0.6346153846153846 0.037259615384615384 0.05048076923076923
0 0.484375 0.765625 0.036057692307692304 0.07211538461538461
0 0.5504807692307693 0.890625 0.04807692307692308 0.0673076923076923
0 0.49158653846153844 0.9711538461538461 0.04807692307692308 0.057692307692307696