0 0.04447115384615385 0.29447115384615385 0.054086538461538464 0.051682692307692304
0 0.14302884615384615 0.34134615384615385 0.04567307692307692 0.05048076923076923
0 0.3557692307692308 0.25600961538461536 0.07451923076923077 0.13581730769230768
0 0.4074519230769231 0.3389423076923077 0.04567307692307692 0.04927884615384615
0 0.20192307692307693 0.6670673076923077 0.046875 0.055288461538461536
0 0.052884615384615384 0.6454326923076923 0.07572115384615384 0.07091346153846154
0 0.11177884615384616 0.7127403846153846 0.04447115384615385 0.051682692307692304
0 0.36538461538461536 0.9375 0.04326923076923077 0.09254807692307693
0 0.41346153846153844 0.703125 0.054086538461538464 0.06370192307692307
0 0.6550480769230769 0.7139423076923077 0.03245192307692308 0.054086538461538464
0 0.7692307692307693 0.8425480769230769 0.03125 0.037259615384615384
0 0.8149038461538461 0.8762019230769231 0.037259615384615384 0.04326923076923077
0 0.9002403846153846 0.9423076923076923 0.03245192307692308 0.04807692307692308
0 0.9158653846153846 0.7427884615384616 0.040865384615384616 0.046875
0 0.8737980769230769 0.5108173076923077 0.046875 0.04927884615384615
0 0.8209134615384616 0.33413461538461536 0.078125 0.06129807692307692
0 0.8533653846153846 0.09975961538461539 0.046875 0.042067307692307696
0 0.7067307692307693 0.18028846153846154 0.054086538461538464 0.0673076923076923
0 0.7211538461538461 0.4206730769230769 0.08774038461538461 0.10096153846153846