0 0.11538461538461539 0.0625 0.13221153846153846 0.12379807692307693
0 0.2800480769230769 0.13942307692307693 0.03245192307692308 0.042067307692307696
0 0.41466346153846156 0.2091346153846154 0.05889423076923077 0.07451923076923077
0 0.7271634615384616 0.7211538461538461 0.15865384615384615 0.11057692307692307
0 0.640625 0.3870192307692308 0.039663461538461536 0.054086538461538464
0 0.8425480769230769 0.5036057692307693 0.11778846153846154 0.19230769230769232
0 0.9831730769230769 0.546875 0.03245192307692308 0.06490384615384616
0 0.859375 0.30408653846153844 0.06610576923076923 0.07692307692307693
0 0.3293269230769231 0.8461538461538461 0.038461538461538464 0.051682692307692304
0 0.09254807692307693 0.7355769230769231 0.06129807692307692 0.08533653846153846
0 0.028846153846153848 0.6165865384615384 0.020432692307692308 0.030048076923076924
0 0.08774038461538461 0.6045673076923077 0.054086538461538464 0.07572115384615384
0 0.3954326923076923 0.33413461538461536 0.06850961538461539 0.14182692307692307
0 0.5048076923076923 0.5612980769230769 0.06490384615384616 0.09014423076923077
0 0.5973557692307693 0.5012019230769231 0.027644230769230768 0.030048076923076924
0 0.22596153846153846 0.42908653846153844 0.03365384615384615 0.057692307692307696