0 0.30408653846153844 0.025240384615384616 0.04807692307692308 0.04807692307692308
0 0.06129807692307692 0.36658653846153844 0.07451923076923077 0.09735576923076923
0 0.31009615384615385 0.37740384615384615 0.10096153846153846 0.14302884615384615
0 0.042067307692307696 0.6454326923076923 0.08413461538461539 0.125
0 0.02403846153846154 0.7944711538461539 0.04807692307692308 0.06971153846153846
0 0.5492788461538461 0.9242788461538461 0.052884615384615384 0.07451923076923077
0 0.6382211538461539 0.8978365384615384 0.04567307692307692 0.0673076923076923
0 0.6682692307692307 0.9855769230769231 0.09254807692307693 0.027644230769230768
0 0.7788461538461539 0.7836538461538461 0.1201923076923077 0.20673076923076922
0 0.9675480769230769 0.8737980769230769 0.06370192307692307 0.15745192307692307
0 0.8028846153846154 0.5132211538461539 0.078125 0.0829326923076923
0 0.890625 0.12860576923076922 0.0733173076923077 0.07091346153846154
0 0.9783653846153846 0.17307692307692307 0.04326923076923077 0.13341346153846154
0 0.6081730769230769 0.08052884615384616 0.026442307692307692 0.037259615384615384
0 0.6875 0.07091346153846154 0.07091346153846154 0.12860576923076922
0 0.6009615384615384 0.18028846153846154 0.0625 0.08653846153846154
0 0.46875 0.17908653846153846 0.09735576923076923 0.12139423076923077