0 0.07932692307692307 0.6165865384615384 0.042067307692307696 0.057692307692307696
0 0.17067307692307693 0.5913461538461539 0.054086538461538464 0.09975961538461539
0 0.06490384615384616 0.421875 0.04326923076923077 0.051682692307692304
0 0.1622596153846154 0.43509615384615385 0.07091346153846154 0.07451923076923077
0 0.23557692307692307 0.32572115384615385 0.04326923076923077 0.057692307692307696
0 0.18389423076923078 0.2536057692307692 0.078125 0.12139423076923077
0 0.14543269230769232 0.12259615384615384 0.057692307692307696 0.07932692307692307
0 0.2776442307692308 0.09014423076923077 0.03485576923076923 0.051682692307692304
0 0.3449519230769231 0.19591346153846154 0.07091346153846154 0.0829326923076923
0 0.43509615384615385 0.3245192307692308 0.11658653846153846 0.0625
0 0.6862980769230769 0.09615384615384616 0.05048076923076923 0.0673076923076923
0 0.7355769230769231 0.3894230769230769 0.038461538461538464 0.04927884615384615
0 0.6574519230769231 0.3954326923076923 0.03245192307692308 0.0673076923076923
0 0.8161057692307693 0.5588942307692307 0.051682692307692304 0.04927884615384615
0 0.8641826923076923 0.4675480769230769 0.12379807692307693 0.13221153846153846
0 0.9194711538461539 0.6189903846153846 0.07572115384615384 0.09014423076923077
0 0.7944711538461539 0.96875 0.042067307692307696 0.046875
0 0.6778846153846154 0.6021634615384616 0.051682692307692304 0.04567307692307692
0 0.5012019230769231 0.7259615384615384 0.057692307692307696 0.10817307692307693
0 0.40384615384615385 0.6995192307692307 0.057692307692307696 0.05889423076923077
0 0.9831730769230769 0.05048076923076923 0.03365384615384615 0.06850961538461539