0 0.16826923076923078 0.7463942307692307 0.0733173076923077 0.17668269230769232
0 0.17908653846153846 0.47115384615384615 0.051682692307692304 0.040865384615384616
0 0.025240384615384616 0.2512019230769231 0.05048076923076923 0.08533653846153846
0 0.1971153846153846 0.24278846153846154 0.038461538461538464 0.04326923076923077
0 0.42788461538461536 0.04567307692307692 0.07932692307692307 0.07211538461538461
0 0.49278846153846156 0.2860576923076923 0.10697115384615384 0.0733173076923077
0 0.5192307692307693 0.34975961538461536 0.036057692307692304 0.052884615384615384
0 0.5276442307692307 0.4807692307692308 0.046875 0.06370192307692307
0 0.33533653846153844 0.2980769230769231 0.03365384615384615 0.05889423076923077
0 0.5504807692307693 0.6658653846153846 0.052884615384615384 0.04807692307692308
0 0.8197115384615384 0.8088942307692307 0.028846153846153848 0.038461538461538464
0 0.9495192307692307 0.7884615384615384 0.039663461538461536 0.037259615384615384
0 0.8894230769230769 0.5649038461538461 0.039663461538461536 0.05889423076923077
0 0.6274038461538461 0.45913461538461536 0.040865384615384616 0.09495192307692307
0 0.7752403846153846 0.1310096153846154 0.036057692307692304 0.051682692307692304
0 0.7487980769230769 0.16105769230769232 0.037259615384615384 0.036057692307692304
0 0.9134615384615384 0.027644230769230768 0.039663461538461536 0.040865384615384616
0 0.8713942307692307 0.018028846153846152 0.055288461538461536 0.03485576923076923
0 0.6766826923076923 0.02283653846153846 0.037259615384615384 0.03485576923076923