0 0.10817307692307693 0.49278846153846156 0.07932692307692307 0.09495192307692307
0 0.20432692307692307 0.6862980769230769 0.06009615384615385 0.08052884615384616
0 0.3605769230769231 0.23076923076923078 0.06610576923076923 0.06009615384615385
0 0.2247596153846154 0.2620192307692308 0.125 0.31490384615384615
0 0.0625 0.19110576923076922 0.07932692307692307 0.10216346153846154
0 0.05048076923076923 0.03245192307692308 0.07091346153846154 0.06370192307692307
0 0.3473557692307692 0.7475961538461539 0.11899038461538461 0.1502403846153846
0 0.5204326923076923 0.6971153846153846 0.039663461538461536 0.04927884615384615
0 0.7271634615384616 0.8581730769230769 0.055288461538461536 0.14783653846153846
0 0.8689903846153846 0.6153846153846154 0.04447115384615385 0.04567307692307692
0 0.9170673076923077 0.7752403846153846 0.04567307692307692 0.057692307692307696
0 0.953125 0.6189903846153846 0.051682692307692304 0.15264423076923078
0 0.8798076923076923 0.31490384615384615 0.051682692307692304 0.06009615384615385
0 0.9338942307692307 0.19951923076923078 0.07211538461538461 0.055288461538461536
0 0.7992788461538461 0.19591346153846154 0.056490384615384616 0.07211538461538461
0 0.8257211538461539 0.3161057692307692 0.046875 0.057692307692307696
0 0.8233173076923077 0.020432692307692308 0.038461538461538464 0.040865384615384616
0 0.6971153846153846 0.055288461538461536 0.039663461538461536 0.052884615384615384
0 0.6706730769230769 0.15384615384615385 0.037259615384615384 0.05889423076923077
0 0.6069711538461539 0.3605769230769231 0.07572115384615384 0.06009615384615385
0 0.4639423076923077 0.3581730769230769 0.06129807692307692 0.06129807692307692
0 0.7319711538461539 0.12139423076923077 0.04567307692307692 0.054086538461538464