0 0.04326923076923077 0.5072115384615384 0.06009615384615385 0.07451923076923077
0 0.09014423076923077 0.7247596153846154 0.06370192307692307 0.16826923076923078
0 0.20432692307692307 0.9242788461538461 0.06129807692307692 0.0889423076923077
0 0.3233173076923077 0.9543269230769231 0.06490384615384616 0.08774038461538461
0 0.5288461538461539 0.8677884615384616 0.039663461538461536 0.08774038461538461
0 0.640625 0.9194711538461539 0.054086538461538464 0.07932692307692307
0 0.7259615384615384 0.8161057692307693 0.07211538461538461 0.0889423076923077
0 0.7632211538461539 0.6213942307692307 0.04927884615384615 0.07692307692307693
0 0.9651442307692307 0.7752403846153846 0.0673076923076923 0.08052884615384616
0 0.9050480769230769 0.2548076923076923 0.056490384615384616 0.0829326923076923
0 0.5721153846153846 0.0889423076923077 0.09615384615384616 0.1778846153846154
0 0.46153846153846156 0.21875 0.06490384615384616 0.08413461538461539
0 0.3473557692307692 0.44471153846153844 0.08173076923076923 0.0673076923076923