0 0.08173076923076923 0.484375 0.040865384615384616 0.05048076923076923
0 0.109375 0.3629807692307692 0.051682692307692304 0.0673076923076923
0 0.11538461538461539 0.23317307692307693 0.051682692307692304 0.06490384615384616
0 0.13701923076923078 0.04326923076923077 0.0673076923076923 0.08052884615384616
0 0.36658653846153844 0.07572115384615384 0.10336538461538461 0.09735576923076923
0 0.3161057692307692 0.4495192307692308 0.0829326923076923 0.09014423076923077
0 0.484375 0.375 0.055288461538461536 0.07091346153846154
0 0.5288461538461539 0.23918269230769232 0.05889423076923077 0.07451923076923077
0 0.7307692307692307 0.37259615384615385 0.04927884615384615 0.06610576923076923
0 0.8233173076923077 0.5685096153846154 0.054086538461538464 0.06971153846153846
0 0.2824519230769231 0.8353365384615384 0.10336538461538461 0.0673076923076923
0 0.47716346153846156 0.5588942307692307 0.046875 0.055288461538461536