0 0.8774038461538461 0.7560096153846154 0.057692307692307696 0.17067307692307693
0 0.6959134615384616 0.9663461538461539 0.054086538461538464 0.06610576923076923
0 0.6454326923076923 0.8533653846153846 0.05048076923076923 0.07451923076923077
0 0.5793269230769231 0.8112980769230769 0.04447115384615385 0.11057692307692307
0 0.6983173076923077 0.6105769230769231 0.040865384615384616 0.06610576923076923
0 0.8918269230769231 0.35697115384615385 0.046875 0.07211538461538461
0 0.859375 0.078125 0.051682692307692304 0.09495192307692307
0 0.78125 0.0673076923076923 0.054086538461538464 0.10576923076923077
0 0.6189903846153846 0.40384615384615385 0.054086538461538464 0.14302884615384615
0 0.5360576923076923 0.6694711538461539 0.04807692307692308 0.08413461538461539
0 0.46153846153846156 0.671875 0.03485576923076923 0.054086538461538464
0 0.5024038461538461 0.7536057692307693 0.0673076923076923 0.055288461538461536
0 0.39663461538461536 0.4879807692307692 0.037259615384615384 0.05048076923076923
0 0.3629807692307692 0.4723557692307692 0.039663461538461536 0.051682692307692304
0 0.28125 0.6274038461538461 0.0985576923076923 0.08653846153846154
0 0.3329326923076923 0.7331730769230769 0.06850961538461539 0.10216346153846154
0 0.24278846153846154 0.8846153846153846 0.05048076923076923 0.042067307692307696
0 0.03125 0.8557692307692307 0.055288461538461536 0.15865384615384615
0 0.18629807692307693 0.5024038461538461 0.037259615384615384 0.038461538461538464
0 0.12620192307692307 0.5216346153846154 0.04326923076923077 0.04447115384615385
0 0.06009615384615385 0.5132211538461539 0.06971153846153846 0.19831730769230768
0 0.18028846153846154 0.30649038461538464 0.03125 0.06850961538461539
0 0.3016826923076923 0.1466346153846154 0.05889423076923077 0.10336538461538461
0 0.12980769230769232 0.04927884615384615 0.036057692307692304 0.056490384615384616
0 0.018028846153846152 0.040865384615384616 0.03485576923076923 0.08052884615384616
0 0.28846153846153844 0.39302884615384615 0.04807692307692308 0.0733173076923077
0 0.2439903846153846 0.36538461538461536 0.037259615384615384 0.05048076923076923
0 0.515625 0.234375 0.036057692307692304 0.07211538461538461
0 0.4495192307692308 0.109375 0.04807692307692308 0.0673076923076923
0 0.5084134615384616 0.028846153846153848 0.04807692307692308 0.057692307692307696