0 0.40024038461538464 0.38822115384615385 0.042067307692307696 0.04927884615384615
0 0.8533653846153846 0.43509615384615385 0.052884615384615384 0.06850961538461539
0 0.1502403846153846 0.4987980769230769 0.05048076923076923 0.052884615384615384
0 0.9098557692307693 0.5084134615384616 0.05048076923076923 0.0673076923076923
0 0.08774038461538461 0.5336538461538461 0.0625 0.07572115384615384
0 0.7307692307692307 0.6862980769230769 0.055288461538461536 0.06850961538461539
0 0.8810096153846154 0.8149038461538461 0.05048076923076923 0.03485576923076923
0 0.33052884615384615 0.9278846153846154 0.040865384615384616 0.08533653846153846
0 0.1310096153846154 0.17307692307692307 0.109375 0.18629807692307693
0 0.3088942307692308 0.1971153846153846 0.051682692307692304 0.0733173076923077
0 0.7596153846153846 0.2668269230769231 0.15264423076923078 0.15144230769230768
0 0.21514423076923078 0.2668269230769231 0.06490384615384616 0.11538461538461539
0 0.9002403846153846 0.37740384615384615 0.042067307692307696 0.055288461538461536