0 0.0733173076923077 0.11298076923076923 0.051682692307692304 0.09014423076923077
0 0.17307692307692307 0.33052884615384615 0.039663461538461536 0.054086538461538464
0 0.14302884615384615 0.5048076923076923 0.03365384615384615 0.057692307692307696
0 0.11057692307692307 0.8401442307692307 0.038461538461538464 0.07572115384615384
0 0.1466346153846154 0.8461538461538461 0.038461538461538464 0.06009615384615385
0 0.22235576923076922 0.9098557692307693 0.0625 0.09134615384615384
0 0.03365384615384615 0.9459134615384616 0.056490384615384616 0.08653846153846154
0 0.2247596153846154 0.5949519230769231 0.09254807692307693 0.10216346153846154
0 0.2776442307692308 0.4411057692307692 0.039663461538461536 0.0673076923076923
0 0.32091346153846156 0.3473557692307692 0.06490384615384616 0.09134615384615384
0 0.42788461538461536 0.0625 0.09134615384615384 0.11778846153846154
0 0.6045673076923077 0.09495192307692307 0.0625 0.09134615384615384
0 0.6862980769230769 0.03245192307692308 0.056490384615384616 0.06490384615384616
0 0.4675480769230769 0.18870192307692307 0.021634615384615384 0.030048076923076924
0 0.5432692307692307 0.4891826923076923 0.051682692307692304 0.06850961538461539
0 0.6394230769230769 0.40384615384615385 0.057692307692307696 0.03365384615384615
0 0.640625 0.6225961538461539 0.054086538461538464 0.12139423076923077
0 0.7692307692307693 0.6141826923076923 0.046875 0.06370192307692307
0 0.8533653846153846 0.2848557692307692 0.07211538461538461 0.08533653846153846
0 0.9603365384615384 0.0889423076923077 0.0625 0.09975961538461539
0 0.9483173076923077 0.24639423076923078 0.03485576923076923 0.06370192307692307
0 0.9663461538461539 0.43990384615384615 0.057692307692307696 0.12620192307692307
0 0.5925480769230769 0.8112980769230769 0.04447115384615385 0.0889423076923077
0 0.6778846153846154 0.9435096153846154 0.08653846153846154 0.11298076923076923
0 0.39783653846153844 0.6586538461538461 0.05889423076923077 0.0889423076923077