0 0.1658653846153846 0.028846153846153848 0.04807692307692308 0.057692307692307696
0 0.07572115384615384 0.265625 0.09975961538461539 0.09615384615384616
0 0.040865384615384616 0.4182692307692308 0.08173076923076923 0.10096153846153846
0 0.125 0.4651442307692308 0.07091346153846154 0.09134615384615384
0 0.051682692307692304 0.6045673076923077 0.06009615384615385 0.12139423076923077
0 0.046875 0.9519230769230769 0.03365384615384615 0.057692307692307696
0 0.35336538461538464 0.9795673076923077 0.05048076923076923 0.03485576923076923
0 0.42427884615384615 0.9783653846153846 0.0889423076923077 0.04326923076923077
0 0.4074519230769231 0.6706730769230769 0.06610576923076923 0.08173076923076923
0 0.4699519230769231 0.7800480769230769 0.057692307692307696 0.09014423076923077
0 0.5961538461538461 0.8341346153846154 0.09254807692307693 0.1141826923076923
0 0.7379807692307693 0.9819711538461539 0.057692307692307696 0.036057692307692304
0 0.9411057692307693 0.7692307692307693 0.11658653846153846 0.18629807692307693
0 0.5661057692307693 0.46274038461538464 0.06129807692307692 0.07932692307692307
0 0.5036057692307693 0.3425480769230769 0.09975961538461539 0.140625
0 0.40865384615384615 0.29447115384615385 0.046875 0.06370192307692307
0 0.515625 0.13822115384615385 0.0829326923076923 0.10096153846153846
0 0.6802884615384616 0.030048076923076924 0.11778846153846154 0.06009615384615385
0 0.5913461538461539 0.19831730769230768 0.03245192307692308 0.04447115384615385
0 0.3137019230769231 0.19230769230769232 0.054086538461538464 0.06850961538461539
0 0.28725961538461536 0.25721153846153844 0.052884615384615384 0.0673076923076923
0 0.30528846153846156 0.3942307692307692 0.05048076923076923 0.06370192307692307
0 0.21754807692307693 0.39903846153846156 0.038461538461538464 0.051682692307692304
0 0.2776442307692308 0.07091346153846154 0.07932692307692307 0.14182692307692307
0 0.8569711538461539 0.12379807692307693 0.026442307692307692 0.030048076923076924
0 0.8377403846153846 0.0985576923076923 0.027644230769230768 0.028846153846153848