0 0.08173076923076923 0.515625 0.040865384615384616 0.05048076923076923
0 0.109375 0.6370192307692307 0.051682692307692304 0.0673076923076923
0 0.11538461538461539 0.7668269230769231 0.051682692307692304 0.06490384615384616
0 0.13701923076923078 0.9567307692307693 0.0673076923076923 0.08052884615384616
0 0.36658653846153844 0.9242788461538461 0.10336538461538461 0.09735576923076923
0 0.3161057692307692 0.5504807692307693 0.0829326923076923 0.09014423076923077
0 0.484375 0.625 0.055288461538461536 0.07091346153846154
0 0.5288461538461539 0.7608173076923077 0.05889423076923077 0.07451923076923077
0 0.7307692307692307 0.6274038461538461 0.04927884615384615 0.06610576923076923
0 0.8233173076923077 0.43149038461538464 0.054086538461538464 0.06971153846153846
0 0.2824519230769231 0.16466346153846154 0.10336538461538461 0.0673076923076923
0 0.47716346153846156 0.4411057692307692 0.046875 0.055288461538461536