0 0.3485576923076923 0.5528846153846154 0.08052884615384616 0.06971153846153846
0 0.04326923076923077 0.4963942307692308 0.05048076923076923 0.06971153846153846
0 0.765625 0.3798076923076923 0.055288461538461536 0.07932692307692307
0 0.08774038461538461 0.27524038461538464 0.057692307692307696 0.15865384615384615
0 0.9639423076923077 0.22115384615384615 0.0673076923076923 0.08173076923076923
0 0.7259615384615384 0.18870192307692307 0.07091346153846154 0.09014423076923077
0 0.5769230769230769 0.9134615384615384 0.10216346153846154 0.17307692307692307
0 0.5276442307692307 0.12860576923076922 0.037259615384615384 0.07091346153846154
0 0.6418269230769231 0.078125 0.055288461538461536 0.07211538461538461
0 0.20552884615384615 0.078125 0.0625 0.08774038461538461
0 0.32091346153846156 0.04567307692307692 0.056490384615384616 0.08173076923076923
0 0.46153846153846156 0.7800480769230769 0.06370192307692307 0.08413461538461539
0 0.9050480769230769 0.7439903846153846 0.056490384615384616 0.07692307692307693