0 0.9639423076923077 0.5841346153846154 0.07091346153846154 0.12379807692307693
0 0.46875 0.5372596153846154 0.06850961538461539 0.12620192307692307
0 0.5925480769230769 0.47596153846153844 0.03125 0.03365384615384615
0 0.14783653846153846 0.44471153846153844 0.08774038461538461 0.14302884615384615
0 0.44711538461538464 0.40625 0.06129807692307692 0.11778846153846154
0 0.5504807692307693 0.34134615384615385 0.054086538461538464 0.06971153846153846
0 0.10336538461538461 0.2536057692307692 0.09134615384615384 0.12139423076923077
0 0.24759615384615385 0.22115384615384615 0.06129807692307692 0.0829326923076923
0 0.5504807692307693 0.10817307692307693 0.2668269230769231 0.2127403846153846
0 0.19591346153846154 0.10216346153846154 0.13341346153846154 0.140625
0 0.7884615384615384 0.07211538461538461 0.04326923076923077 0.0625
0 0.5192307692307693 0.6298076923076923 0.04447115384615385 0.07091346153846154