0 0.9206730769230769 0.38341346153846156 0.042067307692307696 0.057692307692307696
0 0.8293269230769231 0.40865384615384615 0.054086538461538464 0.09975961538461539
0 0.9350961538461539 0.578125 0.04326923076923077 0.051682692307692304
0 0.8377403846153846 0.5649038461538461 0.07091346153846154 0.07451923076923077
0 0.7644230769230769 0.6742788461538461 0.04326923076923077 0.057692307692307696
0 0.8161057692307693 0.7463942307692307 0.078125 0.12139423076923077
0 0.8545673076923077 0.8774038461538461 0.057692307692307696 0.07932692307692307
0 0.7223557692307693 0.9098557692307693 0.03485576923076923 0.051682692307692304
0 0.6550480769230769 0.8040865384615384 0.07091346153846154 0.0829326923076923
0 0.5649038461538461 0.6754807692307693 0.11658653846153846 0.0625
0 0.3137019230769231 0.9038461538461539 0.05048076923076923 0.0673076923076923
0 0.2644230769230769 0.6105769230769231 0.038461538461538464 0.04927884615384615
0 0.3425480769230769 0.6045673076923077 0.03245192307692308 0.0673076923076923
0 0.18389423076923078 0.4411057692307692 0.051682692307692304 0.04927884615384615
0 0.13581730769230768 0.5324519230769231 0.12379807692307693 0.13221153846153846
0 0.08052884615384616 0.38100961538461536 0.07572115384615384 0.09014423076923077
0 0.20552884615384615 0.03125 0.042067307692307696 0.046875
0 0.32211538461538464 0.39783653846153844 0.051682692307692304 0.04567307692307692
0 0.4987980769230769 0.27403846153846156 0.057692307692307696 0.10817307692307693
0 0.5961538461538461 0.3004807692307692 0.057692307692307696 0.05889423076923077
0 0.016826923076923076 0.9495192307692307 0.03365384615384615 0.06850961538461539