0 0.10817307692307693 0.5072115384615384 0.07932692307692307 0.09495192307692307
0 0.20432692307692307 0.3137019230769231 0.06009615384615385 0.08052884615384616
0 0.3605769230769231 0.7692307692307693 0.06610576923076923 0.06009615384615385
0 0.2247596153846154 0.7379807692307693 0.125 0.31490384615384615
0 0.0625 0.8088942307692307 0.07932692307692307 0.10216346153846154
0 0.05048076923076923 0.9675480769230769 0.07091346153846154 0.06370192307692307
0 0.3473557692307692 0.25240384615384615 0.11899038461538461 0.1502403846153846
0 0.5204326923076923 0.30288461538461536 0.039663461538461536 0.04927884615384615
0 0.7271634615384616 0.14182692307692307 0.055288461538461536 0.14783653846153846
0 0.8689903846153846 0.38461538461538464 0.04447115384615385 0.04567307692307692
0 0.9170673076923077 0.2247596153846154 0.04567307692307692 0.057692307692307696
0 0.953125 0.38100961538461536 0.051682692307692304 0.15264423076923078
0 0.8798076923076923 0.6850961538461539 0.051682692307692304 0.06009615384615385
0 0.9338942307692307 0.8004807692307693 0.07211538461538461 0.055288461538461536
0 0.7992788461538461 0.8040865384615384 0.056490384615384616 0.07211538461538461
0 0.8257211538461539 0.6838942307692307 0.046875 0.057692307692307696
0 0.8233173076923077 0.9795673076923077 0.038461538461538464 0.040865384615384616
0 0.6971153846153846 0.9447115384615384 0.039663461538461536 0.052884615384615384
0 0.6706730769230769 0.8461538461538461 0.037259615384615384 0.05889423076923077
0 0.6069711538461539 0.6394230769230769 0.07572115384615384 0.06009615384615385
0 0.4639423076923077 0.6418269230769231 0.06129807692307692 0.06129807692307692
0 0.7319711538461539 0.8786057692307693 0.04567307692307692 0.054086538461538464