0 0.12139423076923077 0.07211538461538461 0.03245192307692308 0.052884615384615384
0 0.1466346153846154 0.028846153846153848 0.06129807692307692 0.056490384615384616
0 0.2776442307692308 0.040865384615384616 0.0985576923076923 0.08173076923076923
0 0.1935096153846154 0.3762019230769231 0.10216346153846154 0.12980769230769232
0 0.35336538461538464 0.6370192307692307 0.046875 0.0733173076923077
0 0.484375 0.5745192307692307 0.040865384615384616 0.09014423076923077
0 0.31971153846153844 0.3545673076923077 0.09134615384615384 0.08774038461538461
0 0.5048076923076923 0.2247596153846154 0.2091346153846154 0.14423076923076922
0 0.7139423076923077 0.33774038461538464 0.08413461538461539 0.1201923076923077
0 0.6201923076923077 0.25961538461538464 0.057692307692307696 0.10096153846153846
0 0.5024038461538461 0.3713942307692308 0.03485576923076923 0.040865384615384616
0 0.49399038461538464 0.9615384615384616 0.0985576923076923 0.07692307692307693
0 0.7211538461538461 0.7584134615384616 0.05889423076923077 0.0889423076923077
0 0.6838942307692307 0.9266826923076923 0.03245192307692308 0.04567307692307692
0 0.8774038461538461 0.7776442307692307 0.052884615384615384 0.06490384615384616
0 0.9182692307692307 0.90625 0.04567307692307692 0.0625
0 0.90625 0.5829326923076923 0.030048076923076924 0.04927884615384615
0 0.8521634615384616 0.48677884615384615 0.08533653846153846 0.08533653846153846
0 0.2127403846153846 0.9110576923076923 0.04447115384615385 0.056490384615384616