0 0.11538461538461539 0.9375 0.13221153846153846 0.12379807692307693
0 0.2800480769230769 0.8605769230769231 0.03245192307692308 0.042067307692307696
0 0.41466346153846156 0.7908653846153846 0.05889423076923077 0.07451923076923077
0 0.7271634615384616 0.27884615384615385 0.15865384615384615 0.11057692307692307
0 0.640625 0.6129807692307693 0.039663461538461536 0.054086538461538464
0 0.8425480769230769 0.4963942307692308 0.11778846153846154 0.19230769230769232
0 0.9831730769230769 0.453125 0.03245192307692308 0.06490384615384616
0 0.859375 0.6959134615384616 0.06610576923076923 0.07692307692307693
0 0.3293269230769231 0.15384615384615385 0.038461538461538464 0.051682692307692304
0 0.09254807692307693 0.2644230769230769 0.06129807692307692 0.08533653846153846
0 0.028846153846153848 0.38341346153846156 0.020432692307692308 0.030048076923076924
0 0.08774038461538461 0.3954326923076923 0.054086538461538464 0.07572115384615384
0 0.3954326923076923 0.6658653846153846 0.06850961538461539 0.14182692307692307
0 0.5048076923076923 0.4387019230769231 0.06490384615384616 0.09014423076923077
0 0.5973557692307693 0.4987980769230769 0.027644230769230768 0.030048076923076924
0 0.22596153846153846 0.5709134615384616 0.03365384615384615 0.057692307692307696