0 0.6514423076923077 0.5528846153846154 0.08052884615384616 0.06971153846153846
0 0.9567307692307693 0.4963942307692308 0.05048076923076923 0.06971153846153846
0 0.234375 0.3798076923076923 0.055288461538461536 0.07932692307692307
0 0.9122596153846154 0.27524038461538464 0.057692307692307696 0.15865384615384615
0 0.036057692307692304 0.22115384615384615 0.0673076923076923 0.08173076923076923
0 0.27403846153846156 0.18870192307692307 0.07091346153846154 0.09014423076923077
0 0.4230769230769231 0.9134615384615384 0.10216346153846154 0.17307692307692307
0 0.4723557692307692 0.12860576923076922 0.037259615384615384 0.07091346153846154
0 0.3581730769230769 0.078125 0.055288461538461536 0.07211538461538461
0 0.7944711538461539 0.078125 0.0625 0.08774038461538461
0 0.6790865384615384 0.04567307692307692 0.056490384615384616 0.08173076923076923
0 0.5384615384615384 0.7800480769230769 0.06370192307692307 0.08413461538461539
0 0.09495192307692307 0.7439903846153846 0.056490384615384616 0.07692307692307693