0 0.12620192307692307 0.0985576923076923 0.06370192307692307 0.07211538461538461
0 0.21394230769230768 0.04927884615384615 0.025240384615384616 0.028846153846153848
0 0.30649038461538464 0.055288461538461536 0.10336538461538461 0.11057692307692307
0 0.49399038461538464 0.028846153846153848 0.11778846153846154 0.055288461538461536
0 0.055288461538461536 0.5552884615384616 0.09014423076923077 0.10336538461538461
0 0.21995192307692307 0.5408653846153846 0.07211538461538461 0.09014423076923077
0 0.27524038461538464 0.5985576923076923 0.04326923076923077 0.056490384615384616
0 0.028846153846153848 0.7728365384615384 0.04807692307692308 0.06850961538461539
0 0.4831730769230769 0.6334134615384616 0.08533653846153846 0.16346153846153846
0 0.5564903846153846 0.5829326923076923 0.09134615384615384 0.12860576923076922
0 0.5841346153846154 0.45552884615384615 0.039663461538461536 0.054086538461538464
0 0.6045673076923077 0.3545673076923077 0.039663461538461536 0.06850961538461539
0 0.4362980769230769 0.2668269230769231 0.055288461538461536 0.0733173076923077
0 0.5144230769230769 0.34615384615384615 0.05889423076923077 0.052884615384615384
0 0.31490384615384615 0.2920673076923077 0.07091346153846154 0.06610576923076923
0 0.7896634615384616 0.036057692307692304 0.03125 0.038461538461538464
0 0.9459134615384616 0.04326923076923077 0.06129807692307692 0.08533653846153846
0 0.8930288461538461 0.6117788461538461 0.042067307692307696 0.04927884615384615
0 0.9507211538461539 0.7451923076923077 0.054086538461538464 0.06490384615384616
0 0.6875 0.6418269230769231 0.046875 0.07091346153846154
0 0.018028846153846152 0.038461538461538464 0.036057692307692304 0.0733173076923077
0 0.5697115384615384 0.09615384615384616 0.027644230769230768 0.027644230769230768