0 0.0733173076923077 0.8870192307692307 0.051682692307692304 0.09014423076923077
0 0.17307692307692307 0.6694711538461539 0.039663461538461536 0.054086538461538464
0 0.14302884615384615 0.4951923076923077 0.03365384615384615 0.057692307692307696
0 0.11057692307692307 0.15985576923076922 0.038461538461538464 0.07572115384615384
0 0.1466346153846154 0.15384615384615385 0.038461538461538464 0.06009615384615385
0 0.22235576923076922 0.09014423076923077 0.0625 0.09134615384615384
0 0.03365384615384615 0.054086538461538464 0.056490384615384616 0.08653846153846154
0 0.2247596153846154 0.4050480769230769 0.09254807692307693 0.10216346153846154
0 0.2776442307692308 0.5588942307692307 0.039663461538461536 0.0673076923076923
0 0.32091346153846156 0.6526442307692307 0.06490384615384616 0.09134615384615384
0 0.42788461538461536 0.9375 0.09134615384615384 0.11778846153846154
0 0.6045673076923077 0.9050480769230769 0.0625 0.09134615384615384
0 0.6862980769230769 0.9675480769230769 0.056490384615384616 0.06490384615384616
0 0.4675480769230769 0.8112980769230769 0.021634615384615384 0.030048076923076924
0 0.5432692307692307 0.5108173076923077 0.051682692307692304 0.06850961538461539
0 0.6394230769230769 0.5961538461538461 0.057692307692307696 0.03365384615384615
0 0.640625 0.37740384615384615 0.054086538461538464 0.12139423076923077
0 0.7692307692307693 0.3858173076923077 0.046875 0.06370192307692307
0 0.8533653846153846 0.7151442307692307 0.07211538461538461 0.08533653846153846
0 0.9603365384615384 0.9110576923076923 0.0625 0.09975961538461539
0 0.9483173076923077 0.7536057692307693 0.03485576923076923 0.06370192307692307
0 0.9663461538461539 0.5600961538461539 0.057692307692307696 0.12620192307692307
0 0.5925480769230769 0.18870192307692307 0.04447115384615385 0.0889423076923077
0 0.6778846153846154 0.056490384615384616 0.08653846153846154 0.11298076923076923
0 0.39783653846153844 0.34134615384615385 0.05889423076923077 0.0889423076923077