0 0.9567307692307693 0.49278846153846156 0.06009615384615385 0.07451923076923077
0 0.9098557692307693 0.27524038461538464 0.06370192307692307 0.16826923076923078
0 0.7956730769230769 0.07572115384615384 0.06129807692307692 0.0889423076923077
0 0.6766826923076923 0.04567307692307692 0.06490384615384616 0.08774038461538461
0 0.47115384615384615 0.13221153846153846 0.039663461538461536 0.08774038461538461
0 0.359375 0.08052884615384616 0.054086538461538464 0.07932692307692307
0 0.27403846153846156 0.18389423076923078 0.07211538461538461 0.0889423076923077
0 0.23677884615384615 0.3786057692307692 0.04927884615384615 0.07692307692307693
0 0.03485576923076923 0.2247596153846154 0.0673076923076923 0.08052884615384616
0 0.09495192307692307 0.7451923076923077 0.056490384615384616 0.0829326923076923
0 0.42788461538461536 0.9110576923076923 0.09615384615384616 0.1778846153846154
0 0.5384615384615384 0.78125 0.06490384615384616 0.08413461538461539
0 0.6526442307692307 0.5552884615384616 0.08173076923076923 0.0673076923076923