0 0.5997596153846154 0.6117788461538461 0.042067307692307696 0.04927884615384615
0 0.1466346153846154 0.5649038461538461 0.052884615384615384 0.06850961538461539
0 0.8497596153846154 0.5012019230769231 0.05048076923076923 0.052884615384615384
0 0.09014423076923077 0.49158653846153844 0.05048076923076923 0.0673076923076923
0 0.9122596153846154 0.46634615384615385 0.0625 0.07572115384615384
0 0.2692307692307692 0.3137019230769231 0.055288461538461536 0.06850961538461539
0 0.11899038461538461 0.18509615384615385 0.05048076923076923 0.03485576923076923
0 0.6694711538461539 0.07211538461538461 0.040865384615384616 0.08533653846153846
0 0.8689903846153846 0.8269230769230769 0.109375 0.18629807692307693
0 0.6911057692307693 0.8028846153846154 0.051682692307692304 0.0733173076923077
0 0.2403846153846154 0.7331730769230769 0.15264423076923078 0.15144230769230768
0 0.7848557692307693 0.7331730769230769 0.06490384615384616 0.11538461538461539
0 0.09975961538461539 0.6225961538461539 0.042067307692307696 0.055288461538461536