0 0.65625 0.5805288461538461 0.051682692307692304 0.08774038461538461
0 0.6334134615384616 0.45072115384615385 0.07451923076923077 0.14543269230769232
0 0.9411057692307693 0.4110576923076923 0.11778846153846154 0.21634615384615385
0 0.453125 0.9314903846153846 0.0829326923076923 0.12980769230769232
0 0.10336538461538461 0.27884615384615385 0.08052884615384616 0.07692307692307693
0 0.9266826923076923 0.15745192307692307 0.06971153846153846 0.10817307692307693
0 0.3870192307692308 0.14903846153846154 0.06850961538461539 0.07211538461538461
0 0.5024038461538461 0.09134615384615384 0.09134615384615384 0.18028846153846154
0 0.22716346153846154 0.9074519230769231 0.07932692307692307 0.171875
0 0.36177884615384615 0.9038461538461539 0.05889423076923077 0.09134615384615384
0 0.4699519230769231 0.6670673076923077 0.12860576923076922 0.16826923076923078
0 0.328125 0.6610576923076923 0.07091346153846154 0.1346153846153846
0 0.15985576923076922 0.6394230769230769 0.07692307692307693 0.13822115384615385