0 0.04567307692307692 0.5901442307692307 0.09014423076923077 0.140625
0 0.7415865384615384 0.5612980769230769 0.078125 0.11057692307692307
0 0.18870192307692307 0.5264423076923077 0.07211538461538461 0.09254807692307693
0 0.828125 0.4182692307692308 0.11538461538461539 0.13942307692307693
0 0.6838942307692307 0.28725961538461536 0.06370192307692307 0.07572115384615384
0 0.0985576923076923 0.9266826923076923 0.109375 0.14543269230769232
0 0.4579326923076923 0.2091346153846154 0.06129807692307692 0.07932692307692307
0 0.8497596153846154 0.1466346153846154 0.04567307692307692 0.0733173076923077
0 0.27163461538461536 0.7704326923076923 0.06971153846153846 0.09014423076923077
0 0.7463942307692307 0.75 0.10576923076923077 0.09615384615384616
0 0.11538461538461539 0.7043269230769231 0.06370192307692307 0.1141826923076923