0 0.8317307692307693 0.7463942307692307 0.0733173076923077 0.17668269230769232
0 0.8209134615384616 0.47115384615384615 0.051682692307692304 0.040865384615384616
0 0.9747596153846154 0.2512019230769231 0.05048076923076923 0.08533653846153846
0 0.8028846153846154 0.24278846153846154 0.038461538461538464 0.04326923076923077
0 0.5721153846153846 0.04567307692307692 0.07932692307692307 0.07211538461538461
0 0.5072115384615384 0.2860576923076923 0.10697115384615384 0.0733173076923077
0 0.4807692307692308 0.34975961538461536 0.036057692307692304 0.052884615384615384
0 0.4723557692307692 0.4807692307692308 0.046875 0.06370192307692307
0 0.6646634615384616 0.2980769230769231 0.03365384615384615 0.05889423076923077
0 0.4495192307692308 0.6658653846153846 0.052884615384615384 0.04807692307692308
0 0.18028846153846154 0.8088942307692307 0.028846153846153848 0.038461538461538464
0 0.05048076923076923 0.7884615384615384 0.039663461538461536 0.037259615384615384
0 0.11057692307692307 0.5649038461538461 0.039663461538461536 0.05889423076923077
0 0.37259615384615385 0.45913461538461536 0.040865384615384616 0.09495192307692307
0 0.2247596153846154 0.1310096153846154 0.036057692307692304 0.051682692307692304
0 0.2512019230769231 0.16105769230769232 0.037259615384615384 0.036057692307692304
0 0.08653846153846154 0.027644230769230768 0.039663461538461536 0.040865384615384616
0 0.12860576923076922 0.018028846153846152 0.055288461538461536 0.03485576923076923
0 0.3233173076923077 0.02283653846153846 0.037259615384615384 0.03485576923076923