0 0.12139423076923077 0.9278846153846154 0.03245192307692308 0.052884615384615384
0 0.1466346153846154 0.9711538461538461 0.06129807692307692 0.056490384615384616
0 0.2776442307692308 0.9591346153846154 0.0985576923076923 0.08173076923076923
0 0.1935096153846154 0.6237980769230769 0.10216346153846154 0.12980769230769232
0 0.35336538461538464 0.3629807692307692 0.046875 0.0733173076923077
0 0.484375 0.4254807692307692 0.040865384615384616 0.09014423076923077
0 0.31971153846153844 0.6454326923076923 0.09134615384615384 0.08774038461538461
0 0.5048076923076923 0.7752403846153846 0.2091346153846154 0.14423076923076922
0 0.7139423076923077 0.6622596153846154 0.08413461538461539 0.1201923076923077
0 0.6201923076923077 0.7403846153846154 0.057692307692307696 0.10096153846153846
0 0.5024038461538461 0.6286057692307693 0.03485576923076923 0.040865384615384616
0 0.49399038461538464 0.038461538461538464 0.0985576923076923 0.07692307692307693
0 0.7211538461538461 0.24158653846153846 0.05889423076923077 0.0889423076923077
0 0.6838942307692307 0.0733173076923077 0.03245192307692308 0.04567307692307692
0 0.8774038461538461 0.22235576923076922 0.052884615384615384 0.06490384615384616
0 0.9182692307692307 0.09375 0.04567307692307692 0.0625
0 0.90625 0.4170673076923077 0.030048076923076924 0.04927884615384615
0 0.8521634615384616 0.5132211538461539 0.08533653846153846 0.08533653846153846
0 0.2127403846153846 0.0889423076923077 0.04447115384615385 0.056490384615384616