0 0.8341346153846154 0.028846153846153848 0.04807692307692308 0.057692307692307696
0 0.9242788461538461 0.265625 0.09975961538461539 0.09615384615384616
0 0.9591346153846154 0.4182692307692308 0.08173076923076923 0.10096153846153846
0 0.875 0.4651442307692308 0.07091346153846154 0.09134615384615384
0 0.9483173076923077 0.6045673076923077 0.06009615384615385 0.12139423076923077
0 0.953125 0.9519230769230769 0.03365384615384615 0.057692307692307696
0 0.6466346153846154 0.9795673076923077 0.05048076923076923 0.03485576923076923
0 0.5757211538461539 0.9783653846153846 0.0889423076923077 0.04326923076923077
0 0.5925480769230769 0.6706730769230769 0.06610576923076923 0.08173076923076923
0 0.5300480769230769 0.7800480769230769 0.057692307692307696 0.09014423076923077
0 0.40384615384615385 0.8341346153846154 0.09254807692307693 0.1141826923076923
0 0.2620192307692308 0.9819711538461539 0.057692307692307696 0.036057692307692304
0 0.05889423076923077 0.7692307692307693 0.11658653846153846 0.18629807692307693
0 0.4338942307692308 0.46274038461538464 0.06129807692307692 0.07932692307692307
0 0.4963942307692308 0.3425480769230769 0.09975961538461539 0.140625
0 0.5913461538461539 0.29447115384615385 0.046875 0.06370192307692307
0 0.484375 0.13822115384615385 0.0829326923076923 0.10096153846153846
0 0.31971153846153844 0.030048076923076924 0.11778846153846154 0.06009615384615385
0 0.40865384615384615 0.19831730769230768 0.03245192307692308 0.04447115384615385
0 0.6862980769230769 0.19230769230769232 0.054086538461538464 0.06850961538461539
0 0.7127403846153846 0.25721153846153844 0.052884615384615384 0.0673076923076923
0 0.6947115384615384 0.3942307692307692 0.05048076923076923 0.06370192307692307
0 0.7824519230769231 0.39903846153846156 0.038461538461538464 0.051682692307692304
0 0.7223557692307693 0.07091346153846154 0.07932692307692307 0.14182692307692307
0 0.14302884615384615 0.12379807692307693 0.026442307692307692 0.030048076923076924
0 0.1622596153846154 0.0985576923076923 0.027644230769230768 0.028846153846153848