0 0.25961538461538464 0.6466346153846154 0.06490384615384616 0.078125
0 0.2776442307692308 0.8653846153846154 0.14543269230769232 0.18509615384615385
0 0.5576923076923077 0.7151442307692307 0.04807692307692308 0.06610576923076923
0 0.5240384615384616 0.6009615384615384 0.12860576923076922 0.06129807692307692
0 0.5204326923076923 0.5144230769230769 0.04447115384615385 0.042067307692307696
0 0.5540865384615384 0.4651442307692308 0.052884615384615384 0.06370192307692307
0 0.7067307692307693 0.4579326923076923 0.042067307692307696 0.055288461538461536
0 0.6766826923076923 0.36177884615384615 0.04807692307692308 0.056490384615384616
0 0.7163461538461539 0.5817307692307693 0.07572115384615384 0.08533653846153846
0 0.8605769230769231 0.8834134615384616 0.04567307692307692 0.06490384615384616
0 0.9098557692307693 0.5685096153846154 0.11778846153846154 0.14302884615384615
0 0.9158653846153846 0.453125 0.06610576923076923 0.08173076923076923
0 0.9675480769230769 0.65625 0.046875 0.0625
0 0.9182692307692307 0.20552884615384615 0.0673076923076923 0.09134615384615384
0 0.5697115384615384 0.0625 0.05048076923076923 0.0625
0 0.48677884615384615 0.16826923076923078 0.0889423076923077 0.11538461538461539